District,Category ,Year,Total Enrollment,#Grade 9,#Grade 10,#Grade 11,#Grade 12,#Female,%Female,#Male,%Male,#Asian,%Asian,#Black,%Black,#Hispanic,%Hispanic,#Other,% Other,#White,% White,#ELL Spanish,% ELL Chinese,#ELL Chinese,% ELL Chinese2,#ELL Bengali,% ELL Bengali,#ELL Arabic,%ELL Arabic,#ELL Haitian Creole,%ELL Haitian Creole,#ELL French,%ELL French,#ELL Russian,%ELL Korean,#ELL Korean,%ELL Korean3,#ELL Urdu,%ELL Urdu,#ELL Other,%ELL Other,ELA #Test Takers,ELA #Level 1,ELA %Level 1,ELA #Level 2,ELA %Level 2,ELA #Level 3,ELA %Level 3,ELA #Level 4,ELA %Level 4,ELA #L3+L4,ELA %L3+L4,MATH #Test Takers,MATH #Level 1,MATH %Level 1,MATH #Level 2,MATH %Level 2,MATH #Level 3,MATH %Level 3,MATH #Level 4,MATH %Level 4,MATH #L3+L4,MATH %L3 + L4
1,All Students,2015-16,3363,660,974,862,867,1717,0.5105560511448112,1646,0.4894439488551888,874,0.2598870056497175,715,0.21260779066309843,1205,0.3583110318168302,58,0.017246506095747845,511,0.151947665774606,,,,,,,,,,,,,,,,,,,,,528,63,0.11931818181818182,180,0.3409090909090909,184,0.3484848484848485,101,0.19128787878787878,285,0.5397727272727273,363,78,0.21487603305785125,131,0.3608815426997245,80,0.22038567493112948,74,0.20385674931129477,154,0.42424242424242425
1,English Language Learners,2015-16,477,31,195,149,102,201,0.42138364779874216,276,0.5786163522012578,310,0.649895178197065,17,0.03563941299790356,145,0.3039832285115304,s,s,s,s,147,0.6142557651991615,293,0.6142557651991615,10,0.020964360587002098,s,s,s,s,6,0.012578616352201259,s,s,s,s,s,s,15,0.031446540880503145,19,15,0.7894736842105263,s,s,s,s,s,s,s,s,20,12,0.6,s,s,s,s,s,s,s,s
1,Enrolled over the Counter,2015-16,628,45,330,154,99,335,0.5334394904458599,293,0.46656050955414013,161,0.25636942675159236,154,0.24522292993630573,272,0.43312101910828027,7,0.011146496815286623,34,0.054140127388535034,,,,,,,,,,,,,,,,,,,,,9,s,s,s,s,s,s,s,s,s,s,8,s,s,s,s,s,s,s,s,s,s
1,Poverty,2015-16,2390,443,720,625,602,1198,0.501255230125523,1192,0.49874476987447697,735,0.3075313807531381,540,0.22594142259414227,972,0.4066945606694561,26,0.010878661087866108,117,0.04895397489539749,,,,,,,,,,,,,,,,,,,,,358,57,0.15921787709497207,155,0.4329608938547486,106,0.29608938547486036,40,0.111731843575419,146,0.40782122905027934,289,69,0.23875432525951557,118,0.4083044982698962,53,0.18339100346020762,49,0.1695501730103806,102,0.35294117647058826
1,Reside in temporary housing,2015-16,250,33,91,68,58,134,0.536,116,0.464,72,0.288,78,0.312,90,0.36,s,s,s,s,,,,,,,,,,,,,,,,,,,,,24,7,0.2916666666666667,12,0.5,s,s,s,s,s,s,22,9,0.4090909090909091,6,0.2727272727272727,s,s,s,s,7,0.3181818181818182
1,Students with Disabilities,2015-16,421,109,118,104,90,145,0.34441805225653205,276,0.6555819477434679,38,0.09026128266033254,122,0.28978622327790976,228,0.5415676959619953,s,s,s,s,,,,,,,,,,,,,,,,,,,,,71,29,0.4084507042253521,35,0.49295774647887325,s,s,s,s,7,0.09859154929577464,65,36,0.5538461538461539,21,0.3230769230769231,s,s,s,s,8,0.12307692307692308
2,All Students,2015-16,36253,9971,9765,8239,8278,19930,0.5497476070945853,16323,0.45025239290541474,6468,0.17841282100791658,8196,0.22607784183377927,16365,0.45141091771715447,1019,0.028108018646732683,4205,0.11599040079441701,,,,,,,,,,,,,,,,,,,,,7522,1716,0.228130816272268,2859,0.38008508375432065,1941,0.25804307365062484,1006,0.1337410263227865,2947,0.39178409997341135,6216,2270,0.36518661518661516,2358,0.37934362934362936,995,0.16007078507078507,593,0.0953989703989704,1588,0.2554697554697555
2,English Language Learners,2015-16,3183,1095,1065,631,392,1404,0.4410933081998115,1779,0.5589066918001885,614,0.19289978008168396,365,0.11467169337103361,1999,0.628023876845743,25,0.007854225573358466,180,0.05655042412818096,2005,0.12378259503612944,394,0.12378259503612944,84,0.02639019792648445,163,0.0512095507382972,50,0.015708451146716932,186,0.058435438265786996,29,9.42507068803016E-4,s,s,s,s,256,0.0804272698711907,584,468,0.8013698630136986,116,0.19863013698630136,s,s,s,s,s,s,639,437,0.6838810641627543,161,0.2519561815336463,26,0.0406885758998435,15,0.023474178403755867,41,0.06416275430359937
2,Enrolled over the Counter,2015-16,2716,689,802,607,618,1394,0.5132547864506627,1322,0.48674521354933725,327,0.12039764359351988,793,0.2919734904270987,1223,0.45029455081001474,42,0.015463917525773196,331,0.12187039764359352,,,,,,,,,,,,,,,,,,,,,60,26,0.43333333333333335,18,0.3,s,s,s,s,16,0.26666666666666666,54,31,0.5740740740740741,18,0.3333333333333333,s,s,s,s,s,s
2,Poverty,2015-16,26050,7541,7075,5734,5700,14628,0.5615355086372361,11422,0.43846449136276394,4508,0.1730518234165067,6267,0.24057581573896353,13439,0.5158925143953935,515,0.019769673704414587,1321,0.05071017274472169,,,,,,,,,,,,,,,,,,,,,5671,1526,0.2690883442073708,2328,0.4105096102980074,1315,0.23188150238053254,502,0.08852054311408923,1817,0.32040204549462176,4957,1948,0.3929796247730482,1909,0.38511196288077465,708,0.1428283235828122,392,0.07908008876336493,1100,0.22190841234617711
2,Reside in temporary housing,2015-16,2490,840,722,487,441,1343,0.5393574297188755,1147,0.4606425702811245,384,0.15421686746987953,664,0.26666666666666666,1293,0.519277108433735,27,0.010843373493975903,122,0.04899598393574297,,,,,,,,,,,,,,,,,,,,,559,219,0.39177101967799643,229,0.40966010733452596,89,0.1592128801431127,22,0.03935599284436494,111,0.19856887298747763,541,274,0.5064695009242144,180,0.33271719038817005,47,0.08687615526802218,40,0.07393715341959335,87,0.16081330868761554
2,Students with Disabilities,2015-16,5553,1949,1549,1091,964,2353,0.4237349180623087,3200,0.5762650819376913,297,0.05348460291734198,1582,0.28489104988294617,3064,0.5517738159553395,121,0.021790023410768952,489,0.08806050783360346,,,,,,,,,,,,,,,,,,,,,1362,745,0.5469897209985316,493,0.3619676945668135,115,0.08443465491923642,9,0.006607929515418502,124,0.09104258443465492,1293,895,0.6921887084300077,316,0.24439288476411447,69,0.05336426914153132,13,0.010054137664346482,82,0.0634184068058778
3,All Students,2015-16,9061,2377,2436,2164,2084,5339,0.5892285619688776,3722,0.41077143803112237,858,0.09469153515064563,2149,0.23717029025493874,3518,0.3882573667365633,335,0.03697163668469264,2201,0.2429091711731597,,,,,,,,,,,,,,,,,,,,,1853,289,0.1559633027522936,532,0.28710199676200754,637,0.34376686454398275,395,0.21316783594171615,1032,0.5569347004856988,1331,430,0.3230653643876784,430,0.3230653643876784,284,0.21337340345604808,187,0.14049586776859505,471,0.3538692712246431
3,English Language Learners,2015-16,368,130,109,76,53,143,0.38858695652173914,225,0.6114130434782609,21,0.057065217391304345,60,0.16304347826086957,272,0.7391304347826086,6,0.016304347826086956,9,0.024456521739130436,277,0.019021739130434784,7,0.019021739130434784,10,0.02717391304347826,14,0.03804347826086957,s,s,33,0.08967391304347826,s,s,s,s,s,s,19,0.051630434782608696,81,72,0.8888888888888888,9,0.1111111111111111,s,s,s,s,s,s,91,73,0.8021978021978022,15,0.16483516483516483,s,s,s,s,s,s
3,Enrolled over the Counter,2015-16,609,92,216,172,129,289,0.4745484400656814,320,0.5254515599343186,14,0.022988505747126436,206,0.33825944170771755,323,0.5303776683087028,10,0.016420361247947456,56,0.09195402298850575,,,,,,,,,,,,,,,,,,,,,14,6,0.42857142857142855,s,s,s,s,s,s,s,s,14,7,0.5,s,s,s,s,s,s,s,s
3,Poverty,2015-16,5038,1309,1381,1189,1159,2803,0.5563715760222311,2235,0.44362842397776897,462,0.09170305676855896,1508,0.2993251290194522,2644,0.5248114331083763,104,0.020643112346169116,320,0.06351726875744343,,,,,,,,,,,,,,,,,,,,,1036,246,0.23745173745173745,411,0.3967181467181467,271,0.26158301158301156,108,0.10424710424710425,379,0.3658301158301158,876,366,0.4178082191780822,304,0.3470319634703196,119,0.1358447488584475,87,0.09931506849315068,206,0.23515981735159816
23,Students with Disabilities,2015-16,400,99,119,91,91,142,0.355,258,0.645,s,s,327,0.8175,65,0.1625,s,s,s,s,,,,,,,,,,,,,,,,,,,,,43,35,0.813953488372093,8,0.18604651162790697,s,s,s,s,s,s,44,35,0.7954545454545454,9,0.20454545454545456,s,s,s,s,s,s
3,Reside in temporary housing,2015-16,466,154,143,86,83,241,0.5171673819742489,225,0.48283261802575106,19,0.0407725321888412,203,0.4356223175965665,219,0.4699570815450644,8,0.017167381974248927,17,0.03648068669527897,,,,,,,,,,,,,,,,,,,,,101,39,0.38613861386138615,42,0.4158415841584158,s,s,s,s,20,0.19801980198019803,95,53,0.5578947368421052,32,0.3368421052631579,s,s,s,s,10,0.10526315789473684
3,Students with Disabilities,2015-16,1193,337,344,261,251,432,0.36211232187761944,761,0.6378876781223806,41,0.03436714165968147,400,0.3352891869237217,589,0.49371332774518023,20,0.016764459346186086,143,0.11986588432523052,,,,,,,,,,,,,,,,,,,,,235,116,0.49361702127659574,86,0.3659574468085106,26,0.11063829787234042,7,0.029787234042553193,33,0.14042553191489363,220,143,0.65,57,0.2590909090909091,13,0.05909090909090909,7,0.031818181818181815,20,0.09090909090909091
4,All Students,2015-16,3702,990,1005,889,818,2080,0.561858454889249,1622,0.43814154511075093,402,0.1085899513776337,878,0.2371690977849811,2219,0.5994057266342517,73,0.019719070772555376,130,0.03511615343057806,,,,,,,,,,,,,,,,,,,,,840,187,0.2226190476190476,311,0.37023809523809526,275,0.3273809523809524,67,0.07976190476190476,342,0.40714285714285714,721,214,0.29680998613037446,242,0.3356449375866852,171,0.23717059639389737,94,0.130374479889043,265,0.36754507628294036
4,English Language Learners,2015-16,195,96,69,19,11,96,0.49230769230769234,99,0.5076923076923077,12,0.06153846153846154,10,0.05128205128205128,167,0.8564102564102564,s,s,s,s,170,0.010256410256410256,s,s,s,s,9,0.046153846153846156,s,s,s,s,s,s,s,s,s,s,s,s,63,56,0.8888888888888888,7,0.1111111111111111,s,s,s,s,s,s,68,42,0.6176470588235294,21,0.3088235294117647,s,s,s,s,s,s
4,Enrolled over the Counter,2015-16,122,54,38,s,s,62,0.5081967213114754,60,0.4918032786885246,13,0.10655737704918032,33,0.27049180327868855,65,0.5327868852459017,s,s,s,s,,,,,,,,,,,,,,,,,,,,,14,s,s,8,0.5714285714285714,s,s,s,s,s,s,14,s,s,9,0.6428571428571429,s,s,s,s,s,s
4,Poverty,2015-16,3123,845,859,730,689,1762,0.5642010886967659,1361,0.43579891130323406,326,0.10438680755683638,707,0.22638488632724943,1945,0.6227985910983029,49,0.01569004162664105,96,0.03073967339097022,,,,,,,,,,,,,,,,,,,,,720,168,0.23333333333333334,274,0.38055555555555554,223,0.30972222222222223,55,0.0763888888888889,278,0.3861111111111111,624,192,0.3076923076923077,199,0.3189102564102564,154,0.2467948717948718,79,0.1266025641025641,233,0.3733974358974359
4,Reside in temporary housing,2015-16,295,99,91,57,48,173,0.5864406779661017,122,0.4135593220338983,16,0.05423728813559322,83,0.28135593220338984,189,0.6406779661016949,s,s,s,s,,,,,,,,,,,,,,,,,,,,,75,19,0.25333333333333335,31,0.41333333333333333,s,s,s,s,25,0.3333333333333333,74,26,0.35135135135135137,26,0.35135135135135137,14,0.1891891891891892,8,0.10810810810810811,22,0.2972972972972973
4,Students with Disabilities,2015-16,574,193,156,108,117,262,0.4564459930313589,312,0.5435540069686411,13,0.02264808362369338,177,0.3083623693379791,367,0.6393728222996515,6,0.010452961672473868,11,0.01916376306620209,,,,,,,,,,,,,,,,,,,,,139,84,0.60431654676259,47,0.3381294964028777,s,s,s,s,8,0.05755395683453238,138,96,0.6956521739130435,34,0.2463768115942029,s,s,s,s,8,0.057971014492753624
5,All Students,2015-16,3822,1015,983,951,873,1846,0.48299319727891155,1976,0.5170068027210885,255,0.06671899529042387,1864,0.48770277341705914,1361,0.35609628466771326,101,0.02642595499738357,241,0.0630559916274202,,,,,,,,,,,,,,,,,,,,,809,221,0.273176761433869,292,0.36093943139678614,210,0.2595797280593325,86,0.10630407911001236,296,0.3658838071693449,647,276,0.4265842349304482,234,0.3616692426584235,75,0.11591962905718702,62,0.09582689335394126,137,0.2117465224111283
5,English Language Learners,2015-16,202,67,55,36,44,101,0.5,101,0.5,7,0.034653465346534656,32,0.15841584158415842,156,0.7722772277227723,s,s,s,s,157,0,s,s,s,s,12,0.0594059405940594,s,s,13,0.06435643564356436,s,s,s,s,s,s,16,0.07920792079207921,41,33,0.8048780487804879,8,0.1951219512195122,s,s,s,s,s,s,49,40,0.8163265306122449,8,0.16326530612244897,s,s,s,s,s,s
5,Enrolled over the Counter,2015-16,338,91,111,78,58,188,0.5562130177514792,150,0.4437869822485207,9,0.026627218934911243,179,0.5295857988165681,125,0.3698224852071006,6,0.01775147928994083,19,0.05621301775147929,,,,,,,,,,,,,,,,,,,,,23,9,0.391304347826087,9,0.391304347826087,s,s,s,s,s,s,23,10,0.43478260869565216,11,0.4782608695652174,s,s,s,s,s,s
5,Poverty,2015-16,2653,734,688,661,570,1363,0.5137580098002261,1290,0.4862419901997738,158,0.05955522050508858,1307,0.4926498303807011,1076,0.4055785902751602,45,0.016961929890689786,67,0.025254428948360347,,,,,,,,,,,,,,,,,,,,,583,181,0.31046312178387653,218,0.37392795883361923,142,0.24356775300171526,42,0.07204116638078903,184,0.3156089193825043,496,223,0.4495967741935484,184,0.3709677419354839,48,0.0967741935483871,41,0.08266129032258064,89,0.17943548387096775
5,Reside in temporary housing,2015-16,337,109,96,78,54,181,0.5370919881305638,156,0.4629080118694362,9,0.026706231454005934,197,0.5845697329376854,119,0.35311572700296734,s,s,s,s,,,,,,,,,,,,,,,,,,,,,74,32,0.43243243243243246,20,0.2702702702702703,s,s,s,s,22,0.2972972972972973,73,38,0.5205479452054794,25,0.3424657534246575,s,s,s,s,10,0.136986301369863
5,Students with Disabilities,2015-16,559,180,154,128,97,196,0.35062611806797855,363,0.6493738819320215,s,s,309,0.552772808586762,223,0.39892665474060823,s,s,16,0.028622540250447227,,,,,,,,,,,,,,,,,,,,,123,83,0.6747967479674797,35,0.2845528455284553,s,s,s,s,s,s,117,87,0.7435897435897436,25,0.21367521367521367,s,s,s,s,s,s
6,All Students,2015-16,5717,1775,1515,1109,1318,2711,0.47419975511631973,3006,0.5258002448836803,109,0.01906594367675354,891,0.15585097078887528,4585,0.8019940528249082,58,0.010145181039006471,74,0.012943851670456533,,,,,,,,,,,,,,,,,,,,,1149,422,0.3672758920800696,518,0.45082680591818974,183,0.15926892950391644,26,0.022628372497824196,209,0.18189730200174065,1168,572,0.4897260273972603,455,0.3895547945205479,109,0.09332191780821918,32,0.0273972602739726,141,0.12071917808219178
6,English Language Learners,2015-16,1474,519,450,276,229,655,0.4443690637720488,819,0.5556309362279511,11,0.007462686567164179,33,0.022388059701492536,1413,0.9586160108548168,6,0.004070556309362279,11,0.007462686567164179,1415,0,s,s,s,s,18,0.012211668928086838,s,s,15,0.0101763907734057,s,s,s,s,s,s,23,0.015603799185888738,233,200,0.8583690987124464,33,0.14163090128755365,s,s,s,s,s,s,301,235,0.7807308970099668,62,0.2059800664451827,s,s,s,s,s,s
6,Enrolled over the Counter,2015-16,548,199,127,69,153,272,0.49635036496350365,276,0.5036496350364964,s,s,84,0.15328467153284672,451,0.822992700729927,s,s,8,0.014598540145985401,,,,,,,,,,,,,,,,,,,,,25,13,0.52,9,0.36,s,s,s,s,s,s,32,16,0.5,15,0.46875,s,s,s,s,s,s
6,Poverty,2015-16,4915,1561,1299,957,1098,2330,0.474059003051882,2585,0.525940996948118,86,0.017497456765005085,699,0.1422177009155646,4032,0.8203458799593082,44,0.008952187182095625,54,0.01098677517802645,,,,,,,,,,,,,,,,,,,,,1038,397,0.38246628131021193,464,0.44701348747591524,153,0.14739884393063585,24,0.023121387283236993,177,0.17052023121387283,1057,520,0.49195837275307475,415,0.3926206244087039,95,0.08987701040681173,27,0.02554399243140965,122,0.11542100283822138
6,Reside in temporary housing,2015-16,848,299,238,157,154,447,0.527122641509434,401,0.47287735849056606,10,0.01179245283018868,116,0.13679245283018868,714,0.8419811320754716,s,s,s,s,,,,,,,,,,,,,,,,,,,,,144,62,0.4305555555555556,63,0.4375,s,s,s,s,19,0.13194444444444445,159,79,0.4968553459119497,72,0.4528301886792453,s,s,s,s,8,0.050314465408805034
6,Students with Disabilities,2015-16,930,327,282,156,165,299,0.32150537634408605,631,0.678494623655914,s,s,162,0.17419354838709677,747,0.8032258064516129,s,s,10,0.010752688172043012,,,,,,,,,,,,,,,,,,,,,182,124,0.6813186813186813,49,0.2692307692307692,s,s,s,s,9,0.04945054945054945,180,139,0.7722222222222223,35,0.19444444444444445,s,s,s,s,6,0.03333333333333333
7,All Students,2015-16,7547,2073,2139,1619,1716,3363,0.4456075261693388,4184,0.5543924738306611,114,0.015105339870147078,2061,0.27308864449450115,5176,0.6858354312972041,72,0.009540214654829734,124,0.016430369683317875,,,,,,,,,,,,,,,,,,,,,1503,677,0.4504324683965403,612,0.40718562874251496,196,0.13040585495675316,18,0.011976047904191617,214,0.14238190286094476,1403,810,0.5773342836778332,449,0.32002851033499646,115,0.08196721311475409,29,0.020669992872416252,144,0.10263720598717035
7,English Language Learners,2015-16,1131,400,338,196,197,414,0.3660477453580902,717,0.6339522546419099,30,0.026525198938992044,95,0.08399646330680813,979,0.865605658709107,8,0.007073386383731211,19,0.016799292661361626,988,0,s,s,29,0.02564102564102564,26,0.022988505747126436,s,s,36,0.03183023872679045,s,s,s,s,s,s,50,0.04420866489832007,252,211,0.8373015873015873,41,0.1626984126984127,s,s,s,s,s,s,274,212,0.7737226277372263,53,0.19343065693430658,s,s,s,s,9,0.032846715328467155
7,Enrolled over the Counter,2015-16,1008,168,372,214,254,497,0.4930555555555556,511,0.5069444444444444,s,s,318,0.31547619047619047,643,0.6378968253968254,s,s,31,0.030753968253968252,,,,,,,,,,,,,,,,,,,,,17,9,0.5294117647058824,6,0.35294117647058826,s,s,s,s,s,s,18,13,0.7222222222222222,s,s,s,s,s,s,s,s
7,Poverty,2015-16,6660,1872,1911,1451,1426,2987,0.4484984984984985,3673,0.5515015015015015,100,0.015015015015015015,1765,0.265015015015015,4626,0.6945945945945946,59,0.008858858858858858,110,0.016516516516516516,,,,,,,,,,,,,,,,,,,,,1382,626,0.45296671490593343,562,0.40665701881331406,178,0.1287988422575977,16,0.011577424023154847,194,0.14037626628075253,1301,750,0.5764796310530361,416,0.31975403535741737,108,0.0830130668716372,27,0.0207532667179093,135,0.1037663335895465
7,Reside in temporary housing,2015-16,770,289,230,150,101,368,0.4779220779220779,402,0.522077922077922,18,0.023376623376623377,234,0.3038961038961039,499,0.6480519480519481,s,s,s,s,,,,,,,,,,,,,,,,,,,,,175,83,0.4742857142857143,74,0.4228571428571429,s,s,s,s,18,0.10285714285714286,169,109,0.6449704142011834,48,0.28402366863905326,s,s,s,s,12,0.07100591715976332
7,Students with Disabilities,2015-16,1666,571,479,292,324,541,0.3247298919567827,1125,0.6752701080432173,9,0.005402160864345739,450,0.27010804321728693,1164,0.6986794717887155,6,0.003601440576230492,37,0.02220888355342137,,,,,,,,,,,,,,,,,,,,,385,276,0.7168831168831169,102,0.2649350649350649,s,s,s,s,7,0.01818181818181818,374,297,0.7941176470588235,70,0.18716577540106952,s,s,s,s,7,0.01871657754010695
8,All Students,2015-16,8022,2414,2089,1708,1811,3835,0.4780603340812765,4187,0.5219396659187235,400,0.049862877088007976,2300,0.28671154325604586,4796,0.5978558962852156,138,0.01720269259536275,388,0.04836699077536774,,,,,,,,,,,,,,,,,,,,,1558,688,0.441591784338896,662,0.4249037227214377,186,0.11938382541720154,22,0.014120667522464698,208,0.13350449293966624,1500,896,0.5973333333333334,500,0.3333333333333333,92,0.06133333333333333,12,0.008,104,0.06933333333333333
8,English Language Learners,2015-16,987,375,302,176,134,420,0.425531914893617,567,0.574468085106383,103,0.10435663627152988,44,0.044579533941236066,777,0.7872340425531915,15,0.015197568389057751,48,0.0486322188449848,785,0.0010131712259371835,s,s,76,0.07700101317122594,58,0.05876393110435663,s,s,14,0.014184397163120567,s,s,s,s,6,0.0060790273556231,44,0.044579533941236066,188,158,0.8404255319148937,30,0.1595744680851064,s,s,s,s,s,s,218,166,0.7614678899082569,46,0.21100917431192662,s,s,s,s,6,0.027522935779816515
8,Enrolled over the Counter,2015-16,1172,295,282,215,380,578,0.4931740614334471,594,0.5068259385665529,61,0.05204778156996587,403,0.3438566552901024,602,0.5136518771331058,31,0.026450511945392493,75,0.06399317406143344,,,,,,,,,,,,,,,,,,,,,83,39,0.46987951807228917,40,0.4819277108433735,s,s,s,s,s,s,81,59,0.7283950617283951,20,0.24691358024691357,s,s,s,s,s,s
8,Poverty,2015-16,7180,2196,1921,1539,1524,3501,0.48760445682451253,3679,0.5123955431754874,353,0.049164345403899724,2030,0.2827298050139276,4385,0.6107242339832869,118,0.016434540389972146,294,0.04094707520891365,,,,,,,,,,,,,,,,,,,,,1449,649,0.4478951000690131,614,0.42374051069703245,165,0.11387163561076605,21,0.014492753623188406,186,0.12836438923395446,1396,846,0.6060171919770774,461,0.3302292263610315,79,0.05659025787965616,10,0.0071633237822349575,89,0.06375358166189111
8,Reside in temporary housing,2015-16,881,335,253,168,125,455,0.5164585698070374,426,0.48354143019296253,63,0.07150964812712826,312,0.35414301929625425,476,0.5402951191827469,10,0.011350737797956867,20,0.022701475595913734,,,,,,,,,,,,,,,,,,,,,195,99,0.5076923076923077,68,0.3487179487179487,s,s,s,s,28,0.14358974358974358,198,121,0.6111111111111112,67,0.3383838383838384,s,s,s,s,10,0.050505050505050504
8,Students with Disabilities,2015-16,1982,725,512,368,377,711,0.35872855701311807,1271,0.641271442986882,33,0.016649848637739658,568,0.2865792129162462,1278,0.644803229061554,24,0.012108980827447022,79,0.03985872855701312,,,,,,,,,,,,,,,,,,,,,427,318,0.7447306791569087,99,0.23185011709601874,s,s,s,s,10,0.0234192037470726,417,363,0.8705035971223022,48,0.11510791366906475,s,s,s,s,6,0.014388489208633094
9,All Students,2015-16,8588,2474,2278,1967,1869,4203,0.4894038192827201,4385,0.51059618071728,170,0.019795062878435025,2527,0.2942477876106195,5710,0.6648812296227294,92,0.01071262226362366,89,0.010363297624592455,,,,,,,,,,,,,,,,,,,,,1703,744,0.4368761009982384,677,0.39753376394597767,248,0.1456253669994128,34,0.01996476805637111,282,0.1655901350557839,1688,875,0.5183649289099526,561,0.33234597156398105,164,0.0971563981042654,88,0.052132701421800945,252,0.14928909952606634
9,English Language Learners,2015-16,1743,566,546,349,282,776,0.44520940906483075,967,0.5547905909351692,46,0.026391279403327597,178,0.102122776821572,1493,0.8565691336775674,11,0.006310958118187034,15,0.008605851979345954,1501,0,s,s,41,0.023522662076878944,33,0.0189328743545611,s,s,86,0.04934021801491681,s,s,s,s,s,s,76,0.04360298336201951,296,265,0.8952702702702703,31,0.10472972972972973,s,s,s,s,s,s,383,308,0.804177545691906,67,0.17493472584856398,s,s,s,s,8,0.020887728459530026
9,Enrolled over the Counter,2015-16,811,345,261,141,64,399,0.4919852034525277,412,0.5080147965474723,17,0.02096177558569667,283,0.34895191122071517,487,0.6004932182490752,6,0.007398273736128237,18,0.02219482120838471,,,,,,,,,,,,,,,,,,,,,57,33,0.5789473684210527,20,0.3508771929824561,s,s,s,s,s,s,62,43,0.6935483870967742,16,0.25806451612903225,s,s,s,s,s,s
9,Poverty,2015-16,7771,2284,2068,1778,1641,3852,0.49568910050186593,3919,0.5043108994981341,158,0.02033200360313988,2225,0.28632093681636855,5236,0.6737871573800026,75,0.009651267533136018,77,0.00990863466735298,,,,,,,,,,,,,,,,,,,,,1583,699,0.441566645609602,632,0.3992419456727732,220,0.13897662665824384,32,0.02021478205938092,252,0.15919140871762477,1573,821,0.5219326128417038,523,0.33248569612205975,148,0.09408773045136681,81,0.05149396058486968,229,0.1455816910362365
9,Reside in temporary housing,2015-16,1135,422,312,217,184,566,0.4986784140969163,569,0.5013215859030837,26,0.02290748898678414,360,0.31718061674008813,731,0.6440528634361233,s,s,s,s,,,,,,,,,,,,,,,,,,,,,209,128,0.6124401913875598,66,0.3157894736842105,s,s,s,s,15,0.07177033492822966,247,174,0.7044534412955465,60,0.242914979757085,s,s,s,s,13,0.05263157894736842
9,Students with Disabilities,2015-16,1773,621,470,343,339,611,0.34461364918217713,1162,0.6553863508178229,12,0.00676818950930626,523,0.2949802594472645,1214,0.6847151720248167,11,0.006204173716864072,13,0.007332205301748449,,,,,,,,,,,,,,,,,,,,,408,302,0.7401960784313726,93,0.22794117647058823,s,s,s,s,13,0.031862745098039214,398,301,0.7562814070351759,80,0.20100502512562815,s,s,s,s,17,0.04271356783919598
10,All Students,2015-16,16511,4666,4343,3756,3746,7854,0.4756828780812791,8657,0.5243171219187208,2444,0.14802253043425595,3172,0.1921143480104173,9098,0.5510265883350494,488,0.0295560535400642,1309,0.07928047968021319,,,,,,,,,,,,,,,,,,,,,3338,1052,0.3151587777112043,1100,0.32953864589574594,706,0.21150389454763333,480,0.14379868184541642,1186,0.35530257639304974,2721,1256,0.4615950018375597,895,0.3289231900036751,258,0.09481808158765159,312,0.11466372657111357,570,0.20948180815876516
10,English Language Learners,2015-16,2735,820,756,643,516,1208,0.4416819012797075,1527,0.5583180987202925,105,0.038391224862888484,159,0.05813528336380256,2396,0.8760511882998172,13,0.004753199268738574,62,0.0226691042047532,2408,0.0010968921389396709,s,s,86,0.03144424131627057,61,0.02230347349177331,s,s,78,0.028519195612431443,s,s,s,s,8,0.0029250457038391227,87,0.03180987202925046,398,342,0.8592964824120602,56,0.1407035175879397,s,s,s,s,s,s,462,360,0.7792207792207793,96,0.2077922077922078,s,s,s,s,6,0.012987012987012988
10,Enrolled over the Counter,2015-16,1451,396,333,262,460,713,0.4913852515506547,738,0.5086147484493453,20,0.013783597518952447,304,0.20951068228807718,1052,0.7250172294968987,29,0.019986216402481046,46,0.03170227429359063,,,,,,,,,,,,,,,,,,,,,41,23,0.5609756097560976,11,0.2682926829268293,s,s,s,s,7,0.17073170731707318,41,28,0.6829268292682927,10,0.24390243902439024,s,s,s,s,s,s
10,Poverty,2015-16,12474,3676,3320,2856,2622,6098,0.4888568221901555,6376,0.5111431778098445,1513,0.12129228795895462,2594,0.20795254128587462,7775,0.6232964566297899,197,0.015792849126182458,395,0.03166586499919833,,,,,,,,,,,,,,,,,,,,,2644,978,0.3698940998487141,957,0.3619515885022693,480,0.1815431164901664,229,0.08661119515885023,709,0.26815431164901665,2350,1150,0.48936170212765956,796,0.33872340425531916,206,0.0876595744680851,198,0.08425531914893616,404,0.17191489361702128
10,Reside in temporary housing,2015-16,1526,578,464,269,215,771,0.5052424639580603,755,0.4947575360419397,67,0.043905635648754916,332,0.21756225425950196,1083,0.7096985583224116,12,0.007863695937090432,32,0.020969855832241154,,,,,,,,,,,,,,,,,,,,,307,151,0.49185667752442996,115,0.3745928338762215,33,0.10749185667752444,8,0.026058631921824105,41,0.13355048859934854,317,183,0.5772870662460567,103,0.3249211356466877,23,0.07255520504731862,8,0.025236593059936908,31,0.09779179810725552
10,Students with Disabilities,2015-16,2622,993,731,478,420,901,0.34363081617086194,1721,0.6563691838291381,29,0.011060259344012205,641,0.2444698703279939,1824,0.6956521739130435,24,0.009153318077803204,104,0.03966437833714721,,,,,,,,,,,,,,,,,,,,,653,454,0.6952526799387443,163,0.24961715160796324,s,s,s,s,36,0.055130168453292494,630,482,0.765079365079365,124,0.19682539682539682,s,s,s,s,24,0.0380952380952381
11,All Students,2015-16,9433,2944,2552,1906,2031,4171,0.4421711014523481,5262,0.5578288985476518,475,0.050355136223894835,3767,0.39934273295876177,4567,0.48415138344111097,170,0.018021838227499205,454,0.04812890914873317,,,,,,,,,,,,,,,,,,,,,1920,816,0.425,786,0.409375,285,0.1484375,33,0.0171875,318,0.165625,1866,1073,0.57502679528403,618,0.3311897106109325,142,0.07609860664523044,33,0.017684887459807074,175,0.09378349410503752
11,English Language Learners,2015-16,1032,412,304,182,134,465,0.45058139534883723,567,0.5494186046511628,96,0.09302325581395349,102,0.09883720930232558,736,0.7131782945736435,22,0.02131782945736434,76,0.07364341085271318,739,0.001937984496124031,s,s,66,0.06395348837209303,98,0.09496124031007752,s,s,41,0.03972868217054264,s,s,s,s,15,0.014534883720930232,69,0.06686046511627906,221,189,0.8552036199095022,32,0.14479638009049775,s,s,s,s,s,s,277,217,0.7833935018050542,57,0.20577617328519857,s,s,s,s,s,s
11,Enrolled over the Counter,2015-16,898,320,257,139,182,431,0.4799554565701559,467,0.5200445434298441,32,0.035634743875278395,439,0.4888641425389755,345,0.3841870824053452,23,0.025612472160356347,59,0.06570155902004454,,,,,,,,,,,,,,,,,,,,,56,17,0.30357142857142855,28,0.5,s,s,s,s,11,0.19642857142857142,55,33,0.6,18,0.32727272727272727,s,s,s,s,s,s
11,Poverty,2015-16,7614,2493,2079,1490,1552,3383,0.4443131074336748,4231,0.5556868925663252,391,0.05135277121092724,2817,0.36997635933806144,3951,0.5189125295508275,120,0.015760441292356184,335,0.043997898607827685,,,,,,,,,,,,,,,,,,,,,1637,729,0.4453268173488088,655,0.4001221747098351,227,0.1386682956627978,26,0.01588271227855834,253,0.15455100794135615,1597,945,0.5917345021916093,517,0.3237319974953037,114,0.07138384470882905,21,0.013149655604257984,135,0.08453350031308704
11,Reside in temporary housing,2015-16,828,371,238,118,101,406,0.49033816425120774,422,0.5096618357487923,37,0.04468599033816425,324,0.391304347826087,433,0.5229468599033816,13,0.01570048309178744,21,0.025362318840579712,,,,,,,,,,,,,,,,,,,,,219,125,0.5707762557077626,76,0.3470319634703196,s,s,s,s,18,0.0821917808219178,217,150,0.6912442396313364,56,0.25806451612903225,s,s,s,s,11,0.05069124423963134
11,Students with Disabilities,2015-16,2010,828,544,321,317,661,0.3288557213930348,1349,0.6711442786069651,30,0.014925373134328358,762,0.37910447761194027,1131,0.5626865671641791,19,0.00945273631840796,68,0.03383084577114428,,,,,,,,,,,,,,,,,,,,,529,381,0.720226843100189,133,0.2514177693761815,s,s,s,s,15,0.02835538752362949,520,422,0.8115384615384615,87,0.1673076923076923,s,s,s,s,11,0.021153846153846155
12,All Students,2015-16,6654,1849,1860,1538,1407,3240,0.48692515779981965,3414,0.5130748422001803,122,0.01833483618875864,1730,0.25999398857829875,4640,0.6973249173429517,70,0.010519987977156597,92,0.013826269912834385,,,,,,,,,,,,,,,,,,,,,1182,590,0.49915397631133673,468,0.39593908629441626,110,0.09306260575296109,14,0.011844331641285956,124,0.10490693739424704,1169,740,0.6330196749358425,351,0.30025662959794697,60,0.05132591958939264,18,0.015397775876817793,78,0.06672369546621043
12,English Language Learners,2015-16,1420,473,442,359,146,669,0.47112676056338026,751,0.5288732394366197,45,0.03169014084507042,55,0.03873239436619718,1294,0.9112676056338028,11,0.007746478873239437,15,0.01056338028169014,1300,0,s,s,39,0.027464788732394368,30,0.02112676056338028,s,s,17,0.011971830985915493,s,s,s,s,s,s,34,0.023943661971830985,188,176,0.9361702127659575,12,0.06382978723404255,s,s,s,s,s,s,232,202,0.8706896551724138,27,0.11637931034482758,s,s,s,s,s,s
12,Enrolled over the Counter,2015-16,1031,332,362,163,174,539,0.5227934044616876,492,0.4772065955383123,27,0.026188166828322017,304,0.2948593598448109,660,0.6401551891367604,17,0.016488845780795344,23,0.02230843840931135,,,,,,,,,,,,,,,,,,,,,39,22,0.5641025641025641,14,0.358974358974359,s,s,s,s,s,s,43,30,0.6976744186046512,10,0.23255813953488372,s,s,s,s,s,s
12,Poverty,2015-16,5814,1632,1657,1352,1173,2874,0.49432404540763675,2940,0.5056759545923633,103,0.017715858273133815,1467,0.25232198142414863,4111,0.7070863433092536,55,0.009459924320605434,78,0.013415892672858616,,,,,,,,,,,,,,,,,,,,,1085,551,0.5078341013824885,431,0.3972350230414747,91,0.08387096774193549,12,0.011059907834101382,103,0.09493087557603687,1076,691,0.6421933085501859,316,0.2936802973977695,54,0.05018587360594796,15,0.013940520446096654,69,0.06412639405204461
12,Reside in temporary housing,2015-16,844,303,261,148,132,448,0.5308056872037915,396,0.46919431279620855,s,s,244,0.2890995260663507,564,0.6682464454976303,s,s,17,0.02014218009478673,,,,,,,,,,,,,,,,,,,,,149,85,0.5704697986577181,53,0.35570469798657717,s,s,s,s,11,0.0738255033557047,155,104,0.6709677419354839,43,0.27741935483870966,s,s,s,s,8,0.05161290322580645
12,Students with Disabilities,2015-16,1411,457,403,261,290,541,0.38341601700921335,870,0.6165839829907866,11,0.007795889440113395,404,0.28632175761871015,972,0.6888731396172927,6,0.004252303330970942,18,0.012756909992912827,,,,,,,,,,,,,,,,,,,,,320,243,0.759375,70,0.21875,s,s,s,s,7,0.021875,314,266,0.8471337579617835,44,0.14012738853503184,s,s,s,s,s,s
13,All Students,2015-16,11734,3014,2986,2690,3044,5449,0.4643770240327254,6285,0.5356229759672746,3623,0.3087608658598943,4952,0.422021476052497,1508,0.1285154252599284,317,0.027015510482358958,1334,0.11368672234532129,,,,,,,,,,,,,,,,,,,,,2586,384,0.14849187935034802,574,0.2219644238205723,934,0.36117556071152357,694,0.26836813611755606,1628,0.6295436968290796,1832,519,0.28329694323144106,410,0.22379912663755458,281,0.15338427947598254,622,0.3395196506550218,903,0.49290393013100436
13,English Language Learners,2015-16,412,127,130,92,63,194,0.470873786407767,218,0.529126213592233,101,0.24514563106796117,76,0.18446601941747573,174,0.4223300970873786,s,s,s,s,178,0.09951456310679611,41,0.09951456310679611,51,0.12378640776699029,43,0.10436893203883495,18,0.043689320388349516,22,0.05339805825242718,12,0,s,s,s,s,42,0.10194174757281553,71,53,0.7464788732394366,17,0.23943661971830985,s,s,s,s,s,s,86,46,0.5348837209302325,32,0.37209302325581395,s,s,s,s,8,0.09302325581395349
13,Enrolled over the Counter,2015-16,689,163,219,120,187,338,0.49056603773584906,351,0.5094339622641509,28,0.040638606676342524,489,0.7097242380261248,133,0.193033381712627,8,0.011611030478955007,31,0.04499274310595065,,,,,,,,,,,,,,,,,,,,,36,10,0.2777777777777778,18,0.5,s,s,s,s,8,0.2222222222222222,30,16,0.5333333333333333,9,0.3,s,s,s,s,s,s
13,Poverty,2015-16,7835,2053,1998,1808,1976,3791,0.48385449904275685,4044,0.5161455009572431,2696,0.3440970006381621,3396,0.43343969368219526,1147,0.14639438417358008,139,0.017740906190172302,457,0.058328015315890235,,,,,,,,,,,,,,,,,,,,,1779,332,0.18662169758291175,457,0.2568858909499719,595,0.3344575604272063,395,0.22203485103991005,990,0.5564924114671164,1358,434,0.31958762886597936,324,0.23858615611192932,175,0.12886597938144329,425,0.312960235640648,600,0.4418262150220913
13,Reside in temporary housing,2015-16,491,166,137,91,97,258,0.5254582484725051,233,0.4745417515274949,57,0.11608961303462322,325,0.6619144602851323,85,0.17311608961303462,s,s,s,s,,,,,,,,,,,,,,,,,,,,,123,39,0.3170731707317073,43,0.34959349593495936,31,0.25203252032520324,10,0.08130081300813008,41,0.3333333333333333,105,52,0.49523809523809526,29,0.2761904761904762,9,0.08571428571428572,15,0.14285714285714285,24,0.22857142857142856
13,Students with Disabilities,2015-16,1071,311,323,204,233,400,0.3734827264239029,671,0.6265172735760971,50,0.04668534080298786,723,0.6750700280112045,241,0.2250233426704015,14,0.013071895424836602,43,0.040149393090569564,,,,,,,,,,,,,,,,,,,,,245,159,0.6489795918367347,66,0.2693877551020408,s,s,s,s,20,0.08163265306122448,235,177,0.7531914893617021,47,0.2,s,s,s,s,11,0.04680851063829787
14,All Students,2015-16,7092,1975,1862,1568,1687,3012,0.42470389170896783,4080,0.5752961082910322,401,0.05654258319232938,2345,0.33065425831923295,3888,0.5482233502538071,189,0.0266497461928934,269,0.03793006204173717,,,,,,,,,,,,,,,,,,,,,1463,545,0.3725222146274778,581,0.39712918660287083,264,0.18045112781954886,73,0.04989747095010253,337,0.2303485987696514,1306,653,0.5,495,0.3790199081163859,97,0.07427258805513016,61,0.04670750382848392,158,0.12098009188361408
14,English Language Learners,2015-16,660,225,183,137,115,250,0.3787878787878788,410,0.6212121212121212,s,s,33,0.05,592,0.896969696969697,s,s,20,0.030303030303030304,598,0.007575757575757576,s,s,10,0.015151515151515152,21,0.031818181818181815,s,s,s,s,s,s,s,s,s,s,15,0.022727272727272728,114,102,0.8947368421052632,12,0.10526315789473684,s,s,s,s,s,s,129,98,0.7596899224806202,30,0.23255813953488372,s,s,s,s,s,s
14,Enrolled over the Counter,2015-16,522,147,118,63,194,221,0.42337164750957856,301,0.5766283524904214,s,s,147,0.28160919540229884,345,0.6609195402298851,s,s,20,0.038314176245210725,,,,,,,,,,,,,,,,,,,,,33,11,0.3333333333333333,17,0.5151515151515151,s,s,s,s,s,s,33,19,0.5757575757575758,12,0.36363636363636365,s,s,s,s,s,s
14,Poverty,2015-16,5439,1596,1416,1212,1215,2318,0.42618128332414046,3121,0.5738187166758595,273,0.05019305019305019,1758,0.3232211803640375,3156,0.580253723110866,111,0.02040816326530612,141,0.02592388306674021,,,,,,,,,,,,,,,,,,,,,1197,464,0.38763575605680867,490,0.4093567251461988,202,0.16875522138680032,41,0.034252297410192145,243,0.20300751879699247,1084,563,0.5193726937269373,411,0.37915129151291516,74,0.06826568265682657,36,0.033210332103321034,110,0.1014760147601476
14,Reside in temporary housing,2015-16,522,176,139,93,114,224,0.42911877394636017,298,0.5708812260536399,12,0.022988505747126436,202,0.38697318007662834,290,0.5555555555555556,9,0.017241379310344827,9,0.017241379310344827,,,,,,,,,,,,,,,,,,,,,109,55,0.5045871559633027,41,0.3761467889908257,s,s,s,s,13,0.11926605504587157,101,62,0.6138613861386139,33,0.32673267326732675,s,s,s,s,6,0.0594059405940594
14,Students with Disabilities,2015-16,1343,420,368,277,278,385,0.2866716306775875,958,0.7133283693224125,18,0.01340282948622487,471,0.35070737155621745,791,0.5889798957557707,12,0.008935219657483246,51,0.0379746835443038,,,,,,,,,,,,,,,,,,,,,293,212,0.7235494880546075,70,0.23890784982935154,s,s,s,s,11,0.03754266211604096,292,227,0.7773972602739726,61,0.2089041095890411,s,s,s,s,s,s
15,All Students,2015-16,6088,1674,1748,1366,1300,3250,0.5338370565045992,2838,0.46616294349540077,338,0.05551905387647832,2515,0.413107752956636,2483,0.4078515111695138,180,0.02956636005256242,572,0.09395532194480946,,,,,,,,,,,,,,,,,,,,,1275,383,0.3003921568627451,585,0.4588235294117647,259,0.20313725490196077,48,0.03764705882352941,307,0.2407843137254902,1125,528,0.4693333333333333,444,0.39466666666666667,122,0.10844444444444444,31,0.027555555555555555,153,0.136
15,English Language Learners,2015-16,461,156,130,101,74,169,0.3665943600867679,292,0.6334056399132321,86,0.18655097613882862,s,s,269,0.5835140997830802,s,s,74,0.16052060737527116,270,0.06724511930585683,31,0.06724511930585683,10,0.021691973969631236,120,0.2603036876355748,9,0.019522776572668113,s,s,s,s,s,s,s,s,13,0.028199566160520606,95,82,0.8631578947368421,13,0.1368421052631579,s,s,s,s,s,s,104,79,0.7596153846153846,18,0.17307692307692307,s,s,s,s,7,0.0673076923076923
15,Enrolled over the Counter,2015-16,471,156,172,95,48,222,0.4713375796178344,249,0.5286624203821656,35,0.07430997876857749,135,0.28662420382165604,216,0.4585987261146497,11,0.02335456475583864,74,0.15711252653927812,,,,,,,,,,,,,,,,,,,,,62,28,0.45161290322580644,24,0.3870967741935484,s,s,s,s,10,0.16129032258064516,59,32,0.5423728813559322,22,0.3728813559322034,s,s,s,s,s,s
15,Poverty,2015-16,4503,1287,1299,983,934,2491,0.5531867643793027,2012,0.4468132356206973,283,0.06284699089495892,1830,0.40639573617588276,1959,0.4350433044636909,100,0.02220741727737064,331,0.07350655118809682,,,,,,,,,,,,,,,,,,,,,1003,326,0.325024925224327,469,0.4675972083748754,186,0.18544366899302095,22,0.02193419740777667,208,0.2073778664007976,897,436,0.48606465997770343,349,0.3890746934225195,87,0.09698996655518395,25,0.027870680044593088,112,0.12486064659977704
15,Reside in temporary housing,2015-16,326,109,98,70,49,176,0.5398773006134969,150,0.4601226993865031,s,s,159,0.48773006134969327,108,0.3312883435582822,s,s,36,0.11042944785276074,,,,,,,,,,,,,,,,,,,,,76,29,0.3815789473684211,35,0.4605263157894737,s,s,s,s,12,0.15789473684210525,65,40,0.6153846153846154,22,0.3384615384615385,s,s,s,s,s,s
15,Students with Disabilities,2015-16,1173,368,351,237,217,469,0.3998294970161978,704,0.6001705029838023,33,0.028132992327365727,461,0.39300937766410915,577,0.4919011082693947,16,0.013640238704177323,86,0.0733162830349531,,,,,,,,,,,,,,,,,,,,,262,171,0.6526717557251909,77,0.29389312977099236,s,s,s,s,14,0.05343511450381679,255,200,0.7843137254901961,45,0.17647058823529413,s,s,s,s,10,0.0392156862745098
16,All Students,2015-16,2117,523,521,476,597,891,0.4208786017949929,1226,0.5791213982050071,30,0.014170996693434105,1694,0.8001889466225791,331,0.15635333018422296,37,0.01747756258856873,25,0.011809163911195087,,,,,,,,,,,,,,,,,,,,,355,173,0.48732394366197185,144,0.4056338028169014,s,s,s,s,38,0.10704225352112676,338,215,0.636094674556213,98,0.28994082840236685,s,s,s,s,25,0.07396449704142012
18,Students with Disabilities,2015-16,882,264,264,173,181,290,0.3287981859410431,592,0.671201814058957,s,s,742,0.8412698412698413,96,0.10884353741496598,26,0.02947845804988662,s,s,,,,,,,,,,,,,,,,,,,,,157,113,0.7197452229299363,40,0.25477707006369427,s,s,s,s,s,s,153,126,0.8235294117647058,22,0.1437908496732026,s,s,s,s,s,s
16,English Language Learners,2015-16,73,22,19,15,17,22,0.3013698630136986,51,0.6986301369863014,7,0.0958904109589041,25,0.3424657534246575,37,0.5068493150684932,s,s,s,s,38,0.0410958904109589,s,s,s,s,6,0.0821917808219178,6,0.0821917808219178,8,0.1095890410958904,s,s,s,s,s,s,9,0.1232876712328767,14,12,0.8571428571428571,s,s,s,s,s,s,s,s,16,12,0.75,s,s,s,s,s,s,s,s
16,Enrolled over the Counter,2015-16,440,149,80,41,170,212,0.4818181818181818,228,0.5181818181818182,s,s,361,0.8204545454545454,61,0.13863636363636364,s,s,7,0.015909090909090907,,,,,,,,,,,,,,,,,,,,,27,16,0.5925925925925926,10,0.37037037037037035,s,s,s,s,s,s,27,20,0.7407407407407407,7,0.25925925925925924,s,s,s,s,s,s
16,Poverty,2015-16,1637,429,413,397,398,718,0.43860720830788025,919,0.5613927916921198,26,0.01588271227855834,1297,0.792302993280391,267,0.16310323762981063,29,0.0177153329260843,18,0.010995723885155772,,,,,,,,,,,,,,,,,,,,,290,147,0.506896551724138,113,0.3896551724137931,s,s,s,s,30,0.10344827586206896,280,185,0.6607142857142857,75,0.26785714285714285,s,s,s,s,20,0.07142857142857142
16,Reside in temporary housing,2015-16,224,58,55,58,53,102,0.45535714285714285,122,0.5446428571428571,s,s,186,0.8303571428571429,32,0.14285714285714285,s,s,s,s,,,,,,,,,,,,,,,,,,,,,38,26,0.6842105263157895,10,0.2631578947368421,s,s,s,s,s,s,40,31,0.775,6,0.15,s,s,s,s,s,s
16,Students with Disabilities,2015-16,535,151,134,130,120,174,0.3252336448598131,361,0.6747663551401869,s,s,429,0.8018691588785046,90,0.16822429906542055,6,0.011214953271028037,s,s,,,,,,,,,,,,,,,,,,,,,110,80,0.7272727272727273,28,0.2545454545454545,s,s,s,s,s,s,110,92,0.8363636363636363,16,0.14545454545454545,s,s,s,s,s,s
17,All Students,2015-16,8181,2095,2229,1754,2103,4223,0.5161960640508495,3958,0.48380393594915044,246,0.03006967363403007,6709,0.8200708959784867,912,0.11147781444811147,161,0.01967974575235301,153,0.0187018701870187,,,,,,,,,,,,,,,,,,,,,1503,456,0.3033932135728543,638,0.4244843646041251,339,0.22554890219560877,70,0.046573519627411845,409,0.2721224218230206,1338,663,0.49551569506726456,479,0.3579970104633782,145,0.10837070254110613,51,0.03811659192825112,196,0.14648729446935724
17,English Language Learners,2015-16,809,231,251,161,166,342,0.4227441285537701,467,0.5772558714462299,86,0.10630407911001236,390,0.4820766378244747,257,0.3176761433868974,11,0.013597033374536464,65,0.08034610630407911,264,0.023485784919653894,19,0.023485784919653894,31,0.038318912237330034,72,0.08899876390605686,253,0.3127317676143387,42,0.0519159456118665,13,0,s,s,s,s,103,0.1273176761433869,100,86,0.86,14,0.14,s,s,s,s,s,s,129,102,0.7906976744186046,26,0.20155038759689922,s,s,s,s,s,s
17,Enrolled over the Counter,2015-16,939,309,319,170,141,447,0.476038338658147,492,0.5239616613418531,22,0.023429179978700747,714,0.7603833865814696,147,0.15654952076677317,27,0.02875399361022364,29,0.0308839190628328,,,,,,,,,,,,,,,,,,,,,65,33,0.5076923076923077,24,0.36923076923076925,s,s,s,s,8,0.12307692307692308,65,47,0.7230769230769231,12,0.18461538461538463,s,s,s,s,6,0.09230769230769231
17,Poverty,2015-16,6342,1656,1721,1385,1580,3320,0.5234941658782718,3022,0.47650583412172814,212,0.03342794071270892,5104,0.80479344055503,787,0.12409334594765058,108,0.017029328287606435,131,0.0206559444970041,,,,,,,,,,,,,,,,,,,,,1192,379,0.3179530201342282,511,0.4286912751677852,252,0.21140939597315436,50,0.04194630872483222,302,0.2533557046979866,1082,546,0.5046210720887245,380,0.3512014787430684,117,0.10813308687615526,39,0.036044362292051754,156,0.14417744916820702
17,Reside in temporary housing,2015-16,643,206,173,155,109,356,0.5536547433903577,287,0.4463452566096423,23,0.03576982892690513,482,0.749611197511664,113,0.17573872472783825,9,0.013996889580093312,16,0.024883359253499222,,,,,,,,,,,,,,,,,,,,,127,62,0.4881889763779528,51,0.4015748031496063,s,s,s,s,14,0.11023622047244094,131,79,0.6030534351145038,47,0.35877862595419846,s,s,s,s,s,s
17,Students with Disabilities,2015-16,1253,420,325,241,267,487,0.38866719872306466,766,0.6113328012769353,13,0.010375099760574621,1043,0.8324022346368715,152,0.12130885873902633,19,0.015163607342378291,26,0.020750199521149242,,,,,,,,,,,,,,,,,,,,,276,189,0.6847826086956522,79,0.286231884057971,s,s,s,s,8,0.028985507246376812,277,228,0.8231046931407943,46,0.16606498194945848,s,s,s,s,s,s
18,All Students,2015-16,4583,1168,1301,1073,1041,2085,0.4549421776129173,2498,0.5450578223870827,62,0.013528256600480034,3864,0.8431158629718525,453,0.09884355225834607,134,0.029238490072005238,70,0.015273838097316169,,,,,,,,,,,,,,,,,,,,,767,313,0.40808344198174706,343,0.4471968709256845,99,0.1290743155149935,12,0.01564537157757497,111,0.14471968709256844,725,385,0.5310344827586206,283,0.3903448275862069,48,0.06620689655172414,9,0.012413793103448275,57,0.07862068965517241
18,English Language Learners,2015-16,271,85,82,60,44,107,0.3948339483394834,164,0.6051660516605166,17,0.06273062730627306,190,0.7011070110701108,44,0.16236162361623616,s,s,s,s,45,0,s,s,s,s,28,0.1033210332103321,143,0.5276752767527675,9,0.033210332103321034,s,s,s,s,s,s,43,0.15867158671586715,30,26,0.8666666666666667,s,s,s,s,s,s,s,s,37,30,0.8108108108108109,7,0.1891891891891892,s,s,s,s,s,s
18,Enrolled over the Counter,2015-16,846,233,261,211,141,401,0.4739952718676123,445,0.5260047281323877,7,0.008274231678486997,686,0.8108747044917257,83,0.09810874704491726,56,0.06619385342789598,14,0.016548463356973995,,,,,,,,,,,,,,,,,,,,,43,13,0.3023255813953488,23,0.5348837209302325,s,s,s,s,7,0.16279069767441862,43,24,0.5581395348837209,18,0.4186046511627907,s,s,s,s,s,s
18,Poverty,2015-16,3367,912,955,775,725,1611,0.47846747846747845,1756,0.5215325215325215,51,0.015147015147015146,2816,0.8363528363528363,367,0.108999108999109,81,0.024057024057024055,52,0.015444015444015444,,,,,,,,,,,,,,,,,,,,,604,247,0.40894039735099336,282,0.46688741721854304,65,0.1076158940397351,10,0.016556291390728478,75,0.12417218543046357,568,302,0.5316901408450704,223,0.3926056338028169,36,0.06338028169014084,7,0.01232394366197183,43,0.07570422535211267
18,Reside in temporary housing,2015-16,371,115,116,72,68,195,0.5256064690026954,176,0.4743935309973046,s,s,314,0.8463611859838275,42,0.11320754716981132,s,s,8,0.0215633423180593,,,,,,,,,,,,,,,,,,,,,62,32,0.5161290322580645,25,0.4032258064516129,s,s,s,s,s,s,56,37,0.6607142857142857,18,0.32142857142857145,s,s,s,s,s,s
19,All Students,2015-16,5695,1740,1394,1053,1508,2435,0.42756804214223004,3260,0.57243195785777,223,0.039157155399473224,3292,0.5780509218612818,2002,0.35153643546971025,95,0.016681299385425813,83,0.014574187884108867,,,,,,,,,,,,,,,,,,,,,1132,502,0.44346289752650175,488,0.43109540636042404,133,0.11749116607773852,9,0.007950530035335688,142,0.1254416961130742,1067,642,0.6016869728209935,344,0.32239925023430177,68,0.06373008434864105,13,0.01218369259606373,81,0.07591377694470477
19,English Language Learners,2015-16,600,192,154,108,146,266,0.44333333333333336,334,0.5566666666666666,52,0.08666666666666667,54,0.09,472,0.7866666666666666,s,s,s,s,483,0.005,s,s,45,0.075,22,0.03666666666666667,21,0.035,s,s,s,s,s,s,s,s,22,0.03666666666666667,75,66,0.88,9,0.12,s,s,s,s,s,s,93,79,0.8494623655913979,11,0.11827956989247312,s,s,s,s,s,s
19,Enrolled over the Counter,2015-16,821,238,161,83,339,408,0.49695493300852617,413,0.5030450669914738,45,0.05481120584652863,376,0.4579780755176614,366,0.4457978075517661,13,0.015834348355663823,21,0.025578562728380026,,,,,,,,,,,,,,,,,,,,,70,34,0.4857142857142857,27,0.38571428571428573,s,s,s,s,9,0.12857142857142856,65,39,0.6,21,0.3230769230769231,s,s,s,s,s,s
19,Poverty,2015-16,4305,1389,1081,804,1031,1891,0.4392566782810685,2414,0.5607433217189315,163,0.03786295005807201,2424,0.5630662020905923,1600,0.3716608594657375,62,0.014401858304297329,56,0.013008130081300813,,,,,,,,,,,,,,,,,,,,,905,417,0.4607734806629834,382,0.4220994475138122,99,0.10939226519337017,7,0.0077348066298342545,106,0.11712707182320442,856,537,0.6273364485981309,265,0.30957943925233644,45,0.052570093457943924,9,0.010514018691588784,54,0.0630841121495327
19,Reside in temporary housing,2015-16,516,211,125,93,87,228,0.4418604651162791,288,0.5581395348837209,10,0.01937984496124031,327,0.6337209302325582,165,0.31976744186046513,7,0.013565891472868217,7,0.013565891472868217,,,,,,,,,,,,,,,,,,,,,126,71,0.5634920634920635,43,0.3412698412698413,s,s,s,s,12,0.09523809523809523,120,80,0.6666666666666666,35,0.2916666666666667,s,s,s,s,s,s
19,Students with Disabilities,2015-16,1260,469,312,198,281,377,0.2992063492063492,883,0.7007936507936507,21,0.016666666666666666,787,0.6246031746031746,428,0.3396825396825397,11,0.00873015873015873,13,0.010317460317460317,,,,,,,,,,,,,,,,,,,,,287,217,0.7560975609756098,66,0.22996515679442509,s,s,s,s,s,s,282,232,0.8226950354609929,46,0.16312056737588654,s,s,s,s,s,s
20,All Students,2015-16,13001,3646,3941,2718,2696,5916,0.45504191985231907,7085,0.544958080147681,4292,0.3301284516575648,892,0.0686101069148527,4233,0.32559033920467656,195,0.014998846242596724,3389,0.2606722559803092,,,,,,,,,,,,,,,,,,,,,2461,641,0.26046322633075986,1074,0.436407964242178,626,0.2543681430312881,120,0.048760666395774074,746,0.30312880942706216,2394,634,0.264828738512949,1014,0.42355889724310775,516,0.21553884711779447,230,0.0960735171261487,746,0.3116123642439432
20,English Language Learners,2015-16,2502,865,996,357,284,975,0.38968824940047964,1527,0.6103117505995204,1363,0.5447641886490807,26,0.010391686650679457,667,0.2665867306155076,20,0.007993605115907274,426,0.17026378896882494,674,0.41766586730615507,1045,0.41766586730615507,87,0.03477218225419664,244,0.09752198241406874,8,0.0031974420463629096,s,s,113,0,s,s,115,0.04596322941646683,213,0.08513189448441247,326,279,0.8558282208588958,47,0.1441717791411043,s,s,s,s,s,s,396,198,0.5,121,0.3055555555555556,56,0.1414141414141414,21,0.05303030303030303,77,0.19444444444444445
20,Enrolled over the Counter,2015-16,1122,431,368,145,178,510,0.45454545454545453,612,0.5454545454545454,447,0.3983957219251337,68,0.06060606060606061,319,0.28431372549019607,10,0.008912655971479501,278,0.24777183600713013,,,,,,,,,,,,,,,,,,,,,79,22,0.27848101265822783,27,0.34177215189873417,23,0.2911392405063291,7,0.08860759493670886,30,0.379746835443038,76,22,0.2894736842105263,28,0.3684210526315789,s,s,s,s,26,0.34210526315789475
20,Poverty,2015-16,9313,2687,2883,1948,1795,4304,0.4621496832384838,5009,0.5378503167615162,3609,0.38752281756684204,573,0.061526897884677335,2957,0.31751315365617955,97,0.010415548158488134,2077,0.22302158273381295,,,,,,,,,,,,,,,,,,,,,1838,512,0.27856365614798695,818,0.44504896626768226,434,0.23612622415669204,74,0.04026115342763874,508,0.2763873775843308,1800,487,0.27055555555555555,764,0.42444444444444446,383,0.2127777777777778,166,0.09222222222222222,549,0.305
20,Reside in temporary housing,2015-16,806,206,275,153,172,381,0.47270471464019853,425,0.5272952853598015,521,0.6464019851116626,53,0.06575682382133995,134,0.1662531017369727,12,0.01488833746898263,86,0.10669975186104218,,,,,,,,,,,,,,,,,,,,,62,25,0.4032258064516129,23,0.3709677419354839,s,s,s,s,14,0.22580645161290322,73,30,0.410958904109589,27,0.3698630136986301,s,s,s,s,16,0.2191780821917808
20,Students with Disabilities,2015-16,2049,766,546,357,380,728,0.35529526598340655,1321,0.6447047340165935,301,0.14690092728160078,214,0.10444119082479258,1063,0.5187896534895071,13,0.00634455832113226,458,0.2235236700829673,,,,,,,,,,,,,,,,,,,,,463,242,0.5226781857451404,189,0.408207343412527,s,s,s,s,32,0.06911447084233262,441,266,0.6031746031746031,147,0.3333333333333333,s,s,s,s,28,0.06349206349206349
21,All Students,2015-16,11996,3547,3425,2465,2559,5601,0.4669056352117372,6395,0.5330943647882628,2562,0.21357119039679892,3583,0.29868289429809936,2758,0.22990996998999666,219,0.01825608536178726,2874,0.23957985995331776,,,,,,,,,,,,,,,,,,,,,2500,663,0.2652,1127,0.4508,576,0.2304,134,0.0536,710,0.284,2372,811,0.34190556492411467,984,0.4148397976391231,409,0.1724283305227656,168,0.07082630691399663,577,0.24325463743676223
21,English Language Learners,2015-16,1565,532,488,275,270,570,0.36421725239616615,995,0.6357827476038339,677,0.4325878594249201,98,0.06261980830670927,354,0.22619808306709266,9,0.005750798722044728,427,0.27284345047923325,356,0.2715654952076677,425,0.2715654952076677,42,0.0268370607028754,102,0.06517571884984026,59,0.03769968051118211,s,s,211,6.389776357827476E-4,s,s,156,0.09968051118210862,204,0.13035143769968052,246,197,0.8008130081300813,48,0.1951219512195122,s,s,s,s,s,s,308,149,0.4837662337662338,103,0.3344155844155844,43,0.1396103896103896,13,0.04220779220779221,56,0.18181818181818182
21,Enrolled over the Counter,2015-16,935,290,307,165,173,377,0.4032085561497326,558,0.5967914438502674,178,0.19037433155080213,256,0.2737967914438503,212,0.2267379679144385,12,0.012834224598930482,277,0.2962566844919786,,,,,,,,,,,,,,,,,,,,,68,31,0.45588235294117646,21,0.3088235294117647,s,s,s,s,16,0.23529411764705882,68,32,0.47058823529411764,28,0.4117647058823529,s,s,s,s,8,0.11764705882352941
21,Poverty,2015-16,8458,2537,2530,1711,1680,3943,0.46618585954126274,4515,0.5338141404587373,2088,0.24686687160085127,2489,0.2942776069992906,2085,0.24651217781981555,102,0.012059588555214,1694,0.20028375502482856,,,,,,,,,,,,,,,,,,,,,1813,548,0.302261445118588,845,0.46607832322118037,359,0.19801434087148373,61,0.03364589078874793,420,0.23166023166023167,1756,641,0.36503416856492027,733,0.4174259681093394,269,0.15318906605922553,113,0.06435079726651481,382,0.21753986332574032
21,Reside in temporary housing,2015-16,758,235,218,155,150,317,0.4182058047493404,441,0.5817941952506597,229,0.3021108179419525,248,0.32717678100263853,167,0.22031662269129287,7,0.009234828496042216,107,0.14116094986807387,,,,,,,,,,,,,,,,,,,,,126,50,0.3968253968253968,57,0.4523809523809524,s,s,s,s,19,0.15079365079365079,130,72,0.5538461538461539,42,0.3230769230769231,s,s,s,s,16,0.12307692307692308
21,Students with Disabilities,2015-16,2058,792,593,376,297,741,0.36005830903790087,1317,0.6399416909620991,181,0.08794946550048591,802,0.38969873663751214,666,0.3236151603498542,21,0.01020408163265306,388,0.18853255587949466,,,,,,,,,,,,,,,,,,,,,464,236,0.5086206896551724,190,0.40948275862068967,s,s,s,s,38,0.08189655172413793,457,307,0.6717724288840262,139,0.3041575492341357,s,s,s,s,11,0.024070021881838075
22,All Students,2015-16,9657,2589,2581,2186,2301,4856,0.5028476752614683,4801,0.49715232473853166,2419,0.2504918711815263,2558,0.2648855752304028,1414,0.14642228435331883,139,0.014393704048876462,3127,0.32380656518587553,,,,,,,,,,,,,,,,,,,,,2173,313,0.14404049700874366,653,0.3005062126092959,858,0.39484583525080535,349,0.1606074551311551,1207,0.5554532903819605,1919,385,0.2006253256904638,602,0.3137050547159979,488,0.2542991141219385,444,0.2313705054715998,932,0.4856696195935383
22,English Language Learners,2015-16,564,174,210,84,96,212,0.375886524822695,352,0.624113475177305,181,0.32092198581560283,s,s,82,0.1453900709219858,s,s,222,0.39361702127659576,83,0.12411347517730496,70,0.12411347517730496,10,0.01773049645390071,33,0.05851063829787234,47,0.08333333333333333,s,s,132,0,s,s,70,0.12411347517730496,116,0.20567375886524822,89,72,0.8089887640449438,17,0.19101123595505617,s,s,s,s,s,s,114,68,0.5964912280701754,31,0.2719298245614035,9,0.07894736842105263,6,0.05263157894736842,15,0.13157894736842105
22,Enrolled over the Counter,2015-16,394,110,152,89,43,161,0.4086294416243655,233,0.5913705583756346,77,0.19543147208121828,80,0.20304568527918782,78,0.19796954314720813,6,0.015228426395939087,153,0.3883248730964467,,,,,,,,,,,,,,,,,,,,,23,s,s,10,0.43478260869565216,8,0.34782608695652173,s,s,10,0.43478260869565216,20,s,s,11,0.55,s,s,s,s,s,s
22,Poverty,2015-16,5819,1685,1573,1280,1281,2910,0.5000859254167382,2909,0.4999140745832617,1705,0.29300567107750475,1487,0.2555421893796185,1031,0.1771782093143152,77,0.013232514177693762,1519,0.26104141605086784,,,,,,,,,,,,,,,,,,,,,1419,242,0.17054263565891473,483,0.3403805496828753,529,0.37279774489076817,165,0.11627906976744186,694,0.48907681465821,1279,291,0.22752150117279124,417,0.32603596559812353,297,0.23221266614542613,274,0.2142298670836591,571,0.4464425332290852
22,Reside in temporary housing,2015-16,313,114,92,59,48,131,0.4185303514376997,182,0.5814696485623003,62,0.19808306709265175,121,0.3865814696485623,s,s,s,s,68,0.21725239616613418,,,,,,,,,,,,,,,,,,,,,81,33,0.4074074074074074,30,0.37037037037037035,s,s,s,s,18,0.2222222222222222,80,39,0.4875,25,0.3125,s,s,s,s,16,0.2
22,Students with Disabilities,2015-16,1103,405,313,190,195,343,0.3109700815956482,760,0.6890299184043518,129,0.11695376246600181,423,0.38349954669084313,260,0.2357207615593835,11,0.009972801450589302,280,0.25385312783318226,,,,,,,,,,,,,,,,,,,,,306,161,0.5261437908496732,111,0.3627450980392157,s,s,s,s,34,0.1111111111111111,301,182,0.6046511627906976,88,0.292358803986711,s,s,s,s,31,0.10299003322259136
23,All Students,2015-16,1842,397,468,433,544,737,0.4001085776330076,1105,0.5998914223669924,16,0.008686210640608035,1553,0.8431053203040174,244,0.13246471226927253,20,0.010857763300760043,9,0.004885993485342019,,,,,,,,,,,,,,,,,,,,,204,96,0.47058823529411764,79,0.3872549019607843,s,s,s,s,29,0.14215686274509803,201,118,0.5870646766169154,65,0.32338308457711445,s,s,s,s,18,0.08955223880597014
23,English Language Learners,2015-16,49,6,19,8,16,17,0.3469387755102041,32,0.6530612244897959,s,s,15,0.30612244897959184,33,0.673469387755102,s,s,s,s,33,0,s,s,s,s,s,s,s,s,s,s,s,s,s,s,s,s,6,0.12244897959183673,s,s,s,s,s,s,s,s,s,s,s,s,s,s,s,s,s,s,s,s,s,s
23,Enrolled over the Counter,2015-16,453,92,173,107,81,196,0.4326710816777042,257,0.5673289183222958,s,s,371,0.8189845474613686,70,0.1545253863134658,s,s,s,s,,,,,,,,,,,,,,,,,,,,,8,6,0.75,s,s,s,s,s,s,s,s,7,s,s,s,s,s,s,s,s,s,s
23,Poverty,2015-16,1434,319,374,341,400,597,0.41631799163179917,837,0.5836820083682008,s,s,1194,0.8326359832635983,206,0.14365411436541142,16,0.011157601115760111,s,s,,,,,,,,,,,,,,,,,,,,,158,71,0.44936708860759494,67,0.4240506329113924,s,s,s,s,20,0.12658227848101267,156,90,0.5769230769230769,52,0.3333333333333333,s,s,s,s,14,0.08974358974358974
23,Reside in temporary housing,2015-16,184,56,54,36,38,79,0.42934782608695654,105,0.5706521739130435,s,s,155,0.842391304347826,24,0.13043478260869565,s,s,s,s,,,,,,,,,,,,,,,,,,,,,24,11,0.4583333333333333,11,0.4583333333333333,s,s,s,s,s,s,25,15,0.6,8,0.32,s,s,s,s,s,s
24,All Students,2015-16,13861,3897,3648,2974,3342,5873,0.423706803260948,7988,0.576293196739052,2586,0.18656662578457542,925,0.06673400187576654,8329,0.6008945963494697,282,0.020344852463747204,1739,0.1254599235264411,,,,,,,,,,,,,,,,,,,,,2815,674,0.2394316163410302,1186,0.42131438721136766,768,0.2728241563055062,187,0.06642984014209591,955,0.3392539964476021,2512,700,0.2786624203821656,1075,0.42794585987261147,520,0.2070063694267516,217,0.08638535031847133,737,0.29339171974522293
24,English Language Learners,2015-16,1829,620,552,391,266,783,0.42810278840896665,1046,0.5718972115910333,315,0.1722252597047567,25,0.01366867140513942,1349,0.7375615090213231,8,0.004373974849644614,132,0.07217058501913615,1358,0.04373974849644614,80,0.04373974849644614,83,0.045379989065062874,88,0.04811372334609076,7,0.0038272279934390375,s,s,12,0.0010934937124111536,s,s,10,0.005467468562055768,182,0.09950792782941498,295,252,0.8542372881355932,43,0.14576271186440679,s,s,s,s,s,s,370,257,0.6945945945945946,96,0.2594594594594595,s,s,s,s,17,0.04594594594594595
24,Enrolled over the Counter,2015-16,1054,469,227,138,220,465,0.4411764705882353,589,0.5588235294117647,204,0.1935483870967742,98,0.09297912713472485,638,0.6053130929791272,6,0.0056925996204933585,108,0.10246679316888045,,,,,,,,,,,,,,,,,,,,,101,26,0.25742574257425743,44,0.43564356435643564,25,0.24752475247524752,6,0.0594059405940594,31,0.3069306930693069,89,32,0.3595505617977528,36,0.4044943820224719,s,s,s,s,21,0.23595505617977527
24,Poverty,2015-16,11142,3119,2862,2426,2735,4665,0.41868605277329024,6477,0.5813139472267097,2186,0.1961945790701849,711,0.06381260096930533,6962,0.6248429366361515,203,0.018219350206426135,1080,0.09693053311793215,,,,,,,,,,,,,,,,,,,,,2338,575,0.24593669803250642,1005,0.4298545765611634,629,0.26903336184773313,129,0.05517536355859709,758,0.3242087254063302,2129,570,0.2677313292625646,924,0.43400657585721,450,0.21136683889149835,185,0.0868952559887271,635,0.2982620948802255
24,Reside in temporary housing,2015-16,603,184,194,127,98,280,0.46434494195688225,323,0.5356550580431177,124,0.20563847429519072,49,0.0812603648424544,388,0.6434494195688225,s,s,s,s,,,,,,,,,,,,,,,,,,,,,101,34,0.33663366336633666,44,0.43564356435643564,s,s,s,s,23,0.22772277227722773,99,35,0.35353535353535354,44,0.4444444444444444,14,0.1414141414141414,6,0.06060606060606061,20,0.20202020202020202
24,Students with Disabilities,2015-16,1733,600,522,317,294,533,0.30755914598961337,1200,0.6924408540103866,118,0.06809001731102135,157,0.09059434506635891,1256,0.7247547605308713,22,0.012694748990190421,180,0.10386612810155799,,,,,,,,,,,,,,,,,,,,,435,246,0.5655172413793104,165,0.3793103448275862,s,s,s,s,24,0.05517241379310345,427,268,0.6276346604215457,142,0.3325526932084309,s,s,s,s,17,0.03981264637002342
25,All Students,2015-16,10379,3151,2732,2331,2165,5252,0.5060217747374506,5127,0.49397822526254936,3265,0.3145775122844205,1752,0.16880238944021583,4134,0.3983042682339339,189,0.01820984680605068,1039,0.10010598323537913,,,,,,,,,,,,,,,,,,,,,2098,578,0.2755004766444233,844,0.4022878932316492,421,0.20066730219256435,255,0.1215443279313632,676,0.32221163012392756,1699,601,0.353737492642731,680,0.4002354326074161,271,0.15950559152442614,147,0.08652148322542672,418,0.24602707474985286
25,English Language Learners,2015-16,1592,533,460,374,225,660,0.41457286432160806,932,0.585427135678392,714,0.4484924623115578,29,0.01821608040201005,785,0.49309045226130654,9,0.005653266331658292,55,0.034547738693467334,790,0.3391959798994975,540,0.3391959798994975,47,0.029522613065326633,29,0.01821608040201005,s,s,12,0.007537688442211055,s,s,20,0.01256281407035176,48,0.03015075376884422,92,0.05778894472361809,195,168,0.8615384615384616,27,0.13846153846153847,s,s,s,s,s,s,236,113,0.4788135593220339,74,0.3135593220338983,37,0.15677966101694915,12,0.05084745762711865,49,0.2076271186440678
25,Enrolled over the Counter,2015-16,1148,348,304,204,292,505,0.43989547038327526,643,0.5601045296167247,338,0.29442508710801396,217,0.18902439024390244,477,0.4155052264808362,11,0.009581881533101045,105,0.09146341463414634,,,,,,,,,,,,,,,,,,,,,72,19,0.2638888888888889,32,0.4444444444444444,s,s,s,s,21,0.2916666666666667,69,24,0.34782608695652173,32,0.463768115942029,s,s,s,s,13,0.18840579710144928
25,Poverty,2015-16,6952,2150,1853,1587,1362,3571,0.5136651323360184,3381,0.4863348676639816,2372,0.3411967779056387,1075,0.15463176064441886,2928,0.42117376294591485,114,0.016398158803222096,463,0.06659953970080552,,,,,,,,,,,,,,,,,,,,,1483,444,0.2993931220498989,607,0.4093054619015509,285,0.19217801753202968,147,0.09912339851652056,432,0.29130141604855025,1259,435,0.3455123113582208,493,0.39158061953931694,222,0.17633042096902304,109,0.08657664813343924,331,0.26290706910246225
25,Reside in temporary housing,2015-16,367,124,103,90,50,175,0.4768392370572207,192,0.5231607629427792,103,0.28065395095367845,76,0.20708446866485014,169,0.4604904632152589,s,s,s,s,,,,,,,,,,,,,,,,,,,,,55,30,0.5454545454545454,20,0.36363636363636365,s,s,s,s,s,s,63,33,0.5238095238095238,22,0.3492063492063492,s,s,s,s,8,0.12698412698412698
25,Students with Disabilities,2015-16,1302,511,348,259,184,493,0.37864823348694315,809,0.6213517665130568,153,0.1175115207373272,290,0.2227342549923195,691,0.5307219662058372,15,0.01152073732718894,153,0.1175115207373272,,,,,,,,,,,,,,,,,,,,,323,209,0.6470588235294118,98,0.30340557275541796,s,s,s,s,16,0.04953560371517028,292,210,0.7191780821917808,69,0.2363013698630137,s,s,s,s,13,0.04452054794520548
26,All Students,2015-16,14112,4138,3773,3212,2989,6983,0.49482709750566894,7129,0.5051729024943311,6046,0.4284297052154195,2873,0.20358560090702948,2990,0.2118764172335601,261,0.018494897959183673,1942,0.13761337868480725,,,,,,,,,,,,,,,,,,,,,3070,601,0.19576547231270358,1253,0.40814332247557006,940,0.30618892508143325,276,0.08990228013029317,1216,0.39609120521172636,2430,624,0.25679012345679014,953,0.3921810699588477,554,0.22798353909465022,299,0.12304526748971194,853,0.35102880658436214
26,English Language Learners,2015-16,888,322,283,176,107,399,0.44932432432432434,489,0.5506756756756757,620,0.6981981981981982,39,0.04391891891891892,179,0.20157657657657657,8,0.009009009009009009,42,0.0472972972972973,184,0.5022522522522522,446,0.5022522522522522,38,0.04279279279279279,8,0.009009009009009009,13,0.01463963963963964,s,s,s,s,44,0.04954954954954955,18,0.02027027027027027,126,0.14189189189189189,157,117,0.7452229299363057,40,0.25477707006369427,s,s,s,s,s,s,179,62,0.3463687150837989,57,0.31843575418994413,44,0.24581005586592178,16,0.0893854748603352,60,0.33519553072625696
26,Enrolled over the Counter,2015-16,659,238,210,142,69,330,0.5007587253414264,329,0.4992412746585736,313,0.47496206373292865,99,0.15022761760242792,112,0.16995447647951442,12,0.018209408194233688,123,0.18664643399089528,,,,,,,,,,,,,,,,,,,,,66,13,0.19696969696969696,30,0.45454545454545453,s,s,s,s,23,0.3484848484848485,57,13,0.22807017543859648,25,0.43859649122807015,s,s,s,s,19,0.3333333333333333
26,Poverty,2015-16,9513,2887,2546,2143,1937,4789,0.5034163775885631,4724,0.496583622411437,4457,0.46851676653001156,1813,0.1905813097866078,2185,0.2296856932618522,155,0.016293493114685167,903,0.09492273730684327,,,,,,,,,,,,,,,,,,,,,2143,460,0.21465235650956602,889,0.4148390107326178,616,0.28744750349976667,178,0.08306112925804947,794,0.37050863275781615,1770,464,0.2621468926553672,690,0.3898305084745763,402,0.2271186440677966,214,0.12090395480225989,616,0.3480225988700565
26,Reside in temporary housing,2015-16,367,140,112,47,68,185,0.5040871934604905,182,0.49591280653950953,148,0.4032697547683924,96,0.2615803814713896,86,0.23433242506811988,12,0.0326975476839237,25,0.0681198910081744,,,,,,,,,,,,,,,,,,,,,84,26,0.30952380952380953,35,0.4166666666666667,s,s,s,s,23,0.27380952380952384,77,24,0.3116883116883117,30,0.38961038961038963,16,0.2077922077922078,7,0.09090909090909091,23,0.2987012987012987
26,Students with Disabilities,2015-16,1925,787,511,351,276,694,0.3605194805194805,1231,0.6394805194805194,409,0.21246753246753247,550,0.2857142857142857,606,0.3148051948051948,19,0.009870129870129871,341,0.17714285714285713,,,,,,,,,,,,,,,,,,,,,502,257,0.5119521912350598,214,0.4262948207171315,s,s,s,s,31,0.061752988047808766,458,270,0.5895196506550219,151,0.3296943231441048,31,0.06768558951965066,6,0.013100436681222707,37,0.08078602620087336
27,All Students,2015-16,10210,3096,2706,2253,2155,4491,0.4398628795298727,5719,0.5601371204701273,2366,0.2317335945151812,2948,0.2887365328109696,3700,0.3623898139079334,417,0.040842311459353575,779,0.07629774730656219,,,,,,,,,,,,,,,,,,,,,1988,657,0.33048289738430586,819,0.4119718309859155,395,0.19869215291750503,117,0.05885311871227364,512,0.2575452716297787,1556,773,0.4967866323907455,608,0.390745501285347,144,0.09254498714652956,31,0.01992287917737789,175,0.11246786632390746
27,English Language Learners,2015-16,1133,390,340,240,163,430,0.3795233892321271,703,0.6204766107678729,299,0.263901147396293,51,0.04501323918799647,727,0.6416593115622242,21,0.018534863195057368,35,0.03089143865842895,734,0.00176522506619594,s,s,134,0.11827007943512798,46,0.04060017652250662,9,0.00794351279788173,15,0.01323918799646955,s,s,s,s,31,0.02736098852603707,159,0.14033539276257723,132,124,0.9393939393939394,8,0.06060606060606061,s,s,s,s,s,s,169,146,0.863905325443787,23,0.13609467455621302,s,s,s,s,s,s
27,Enrolled over the Counter,2015-16,1274,586,253,338,97,573,0.4497645211930926,701,0.5502354788069074,313,0.2456828885400314,464,0.3642072213500785,376,0.29513343799058084,54,0.0423861852433281,67,0.05259026687598116,,,,,,,,,,,,,,,,,,,,,166,59,0.35542168674698793,81,0.4879518072289157,s,s,s,s,26,0.1566265060240964,144,76,0.5277777777777778,53,0.3680555555555556,s,s,s,s,15,0.10416666666666667
27,Poverty,2015-16,7693,2347,2058,1608,1680,3489,0.45352918237358636,4204,0.5464708176264136,1779,0.2312491875731184,2244,0.2916937475627194,2887,0.3752762251397374,305,0.0396464318211361,478,0.0621344079032887,,,,,,,,,,,,,,,,,,,,,1518,533,0.35111989459815546,640,0.42160737812911725,271,0.1785243741765481,74,0.048748353096179184,345,0.22727272727272727,1227,620,0.5052974735126324,465,0.37897310513447435,116,0.0945395273023635,26,0.021189894050529748,142,0.11572942135289324
27,Reside in temporary housing,2015-16,458,170,128,88,72,219,0.4781659388646288,239,0.5218340611353712,107,0.2336244541484716,171,0.37336244541484714,148,0.3231441048034934,15,0.03275109170305677,17,0.03711790393013101,,,,,,,,,,,,,,,,,,,,,74,33,0.44594594594594594,27,0.36486486486486486,8,0.10810810810810811,6,0.08108108108108109,14,0.1891891891891892,65,41,0.6307692307692307,20,0.3076923076923077,s,s,s,s,s,s
27,Students with Disabilities,2015-16,1551,576,441,266,268,488,0.31463571889103803,1063,0.685364281108962,215,0.13862024500322373,536,0.34558349451966475,627,0.40425531914893614,34,0.02192134107027724,139,0.08961960025789813,,,,,,,,,,,,,,,,,,,,,365,250,0.684931506849315,102,0.27945205479452057,s,s,s,s,13,0.03561643835616438,342,252,0.7368421052631579,79,0.2309941520467836,s,s,s,s,11,0.03216374269005848
28,All Students,2015-16,15053,3967,4099,3485,3502,7548,0.5014282867202551,7505,0.4985717132797449,4562,0.30306251245598886,3720,0.24712681857437055,4189,0.2782833986580748,538,0.035740383976615955,2044,0.13578688633494984,,,,,,,,,,,,,,,,,,,,,3224,677,0.20998759305210918,1270,0.3939205955334988,989,0.3067617866004963,288,0.08933002481389578,1277,0.39609181141439204,2432,780,0.3207236842105263,942,0.3873355263157895,496,0.20394736842105263,214,0.08799342105263158,710,0.29194078947368424
28,English Language Learners,2015-16,915,349,274,157,135,387,0.42295081967213116,528,0.5770491803278689,263,0.28743169398907104,41,0.04480874316939891,470,0.5136612021857924,21,0.022950819672131147,120,0.13114754098360656,473,0.02841530054644809,26,0.02841530054644809,171,0.18688524590163935,36,0.03934426229508197,18,0.019672131147540985,s,s,58,0.001092896174863388,s,s,22,0.024043715846994537,102,0.11147540983606558,184,146,0.7934782608695652,37,0.20108695652173914,s,s,s,s,s,s,206,141,0.6844660194174758,51,0.24757281553398058,s,s,s,s,14,0.06796116504854369
28,Enrolled over the Counter,2015-16,801,265,234,205,97,376,0.46941323345817726,425,0.5305867665418227,207,0.25842696629213485,235,0.2933832709113608,182,0.2272159800249688,35,0.04369538077403246,142,0.1772784019975031,,,,,,,,,,,,,,,,,,,,,61,9,0.14754098360655737,31,0.5081967213114754,s,s,s,s,21,0.3442622950819672,46,14,0.30434782608695654,19,0.41304347826086957,s,s,s,s,13,0.2826086956521739
28,Poverty,2015-16,10637,2957,2887,2422,2371,5453,0.5126445426342013,5184,0.4873554573657986,3439,0.32330544326407823,2622,0.2464980727648773,3135,0.29472595656670114,348,0.032715991350944815,1093,0.10275453605339852,,,,,,,,,,,,,,,,,,,,,2454,557,0.2269763651181744,989,0.4030154849225754,714,0.29095354523227385,194,0.07905460472697637,908,0.3700081499592502,1866,628,0.3365487674169346,729,0.39067524115755625,350,0.18756698821007503,159,0.08520900321543408,509,0.2727759914255091
28,Reside in temporary housing,2015-16,507,171,141,114,81,260,0.5128205128205128,247,0.48717948717948717,148,0.29191321499013806,161,0.3175542406311637,150,0.2958579881656805,6,0.011834319526627219,42,0.08284023668639054,,,,,,,,,,,,,,,,,,,,,113,51,0.45132743362831856,41,0.36283185840707965,s,s,s,s,21,0.18584070796460178,97,48,0.4948453608247423,40,0.41237113402061853,s,s,s,s,9,0.09278350515463918
28,Students with Disabilities,2015-16,1893,625,519,409,340,703,0.37136819862651876,1190,0.6286318013734813,250,0.13206550449022716,631,0.3333333333333333,715,0.37770734284204965,36,0.01901743264659271,261,0.13787638668779714,,,,,,,,,,,,,,,,,,,,,494,295,0.597165991902834,182,0.3684210526315789,s,s,s,s,17,0.03441295546558704,435,313,0.7195402298850575,105,0.2413793103448276,s,s,s,s,17,0.03908045977011494
29,All Students,2015-16,4390,1215,1221,957,997,2089,0.4758542141230068,2301,0.5241457858769931,263,0.05990888382687927,3482,0.7931662870159454,411,0.09362186788154897,159,0.03621867881548975,75,0.017084282460136675,,,,,,,,,,,,,,,,,,,,,860,326,0.37906976744186044,383,0.44534883720930235,127,0.14767441860465116,24,0.027906976744186046,151,0.1755813953488372,825,435,0.5272727272727272,301,0.36484848484848487,74,0.08969696969696969,15,0.01818181818181818,89,0.10787878787878788
29,English Language Learners,2015-16,161,59,40,37,25,75,0.4658385093167702,86,0.5341614906832298,23,0.14285714285714285,92,0.5714285714285714,36,0.2236024844720497,s,s,s,s,33,0,s,s,14,0.08695652173913043,8,0.049689440993788817,52,0.32298136645962733,15,0.09316770186335403,s,s,s,s,s,s,34,0.2111801242236025,23,19,0.8260869565217391,s,s,s,s,s,s,s,s,36,29,0.8055555555555556,6,0.16666666666666666,s,s,s,s,s,s
29,Enrolled over the Counter,2015-16,558,223,182,104,49,298,0.5340501792114696,260,0.4659498207885305,32,0.05734767025089606,455,0.8154121863799283,40,0.07168458781362007,12,0.021505376344086023,19,0.034050179211469536,,,,,,,,,,,,,,,,,,,,,69,34,0.4927536231884058,25,0.36231884057971014,s,s,s,s,10,0.14492753623188406,68,39,0.5735294117647058,24,0.35294117647058826,s,s,s,s,s,s
29,Poverty,2015-16,3197,878,898,697,724,1595,0.4989052236471692,1602,0.5010947763528307,214,0.06693775414451048,2492,0.7794807632155145,335,0.10478573662808884,94,0.029402564904598062,62,0.019393181107288084,,,,,,,,,,,,,,,,,,,,,618,250,0.4045307443365696,271,0.43851132686084143,83,0.1343042071197411,14,0.022653721682847898,97,0.156957928802589,595,336,0.5647058823529412,201,0.3378151260504202,46,0.0773109243697479,12,0.020168067226890758,58,0.09747899159663866
29,Reside in temporary housing,2015-16,236,78,67,36,55,125,0.5296610169491526,111,0.4703389830508475,13,0.05508474576271186,184,0.7796610169491526,30,0.1271186440677966,s,s,s,s,,,,,,,,,,,,,,,,,,,,,42,18,0.42857142857142855,19,0.4523809523809524,s,s,s,s,s,s,43,31,0.7209302325581395,11,0.2558139534883721,s,s,s,s,s,s
29,Students with Disabilities,2015-16,692,224,203,135,130,224,0.3236994219653179,468,0.6763005780346821,17,0.024566473988439308,586,0.846820809248555,71,0.10260115606936417,7,0.010115606936416185,11,0.015895953757225433,,,,,,,,,,,,,,,,,,,,,150,113,0.7533333333333333,32,0.21333333333333335,s,s,s,s,s,s,147,125,0.8503401360544217,21,0.14285714285714285,s,s,s,s,s,s
30,All Students,2015-16,9576,2870,2651,2023,2032,4677,0.4884085213032581,4899,0.5115914786967418,2159,0.22545948203842942,902,0.0941938178780284,4768,0.4979114452798663,212,0.022138680033416874,1535,0.160296574770259,,,,,,,,,,,,,,,,,,,,,2020,476,0.23564356435643563,910,0.4504950495049505,501,0.24801980198019802,133,0.06584158415841584,634,0.31386138613861386,1784,497,0.27858744394618834,848,0.47533632286995514,343,0.1922645739910314,96,0.053811659192825115,439,0.2460762331838565
30,English Language Learners,2015-16,1302,416,473,245,168,536,0.4116743471582181,766,0.5883256528417818,408,0.31336405529953915,21,0.016129032258064516,768,0.5898617511520737,6,0.004608294930875576,99,0.07603686635944701,764,0.08218125960061444,107,0.08218125960061444,170,0.130568356374808,92,0.0706605222734255,7,0.005376344086021506,s,s,s,s,s,s,25,0.019201228878648235,130,0.09984639016897082,157,135,0.8598726114649682,22,0.14012738853503184,s,s,s,s,s,s,193,124,0.6424870466321243,54,0.27979274611398963,s,s,s,s,15,0.07772020725388601
30,Enrolled over the Counter,2015-16,700,283,310,66,41,323,0.4614285714285714,377,0.5385714285714286,221,0.3157142857142857,60,0.08571428571428572,314,0.44857142857142857,7,0.01,98,0.14,,,,,,,,,,,,,,,,,,,,,58,17,0.29310344827586204,22,0.3793103448275862,s,s,s,s,19,0.3275862068965517,53,20,0.37735849056603776,24,0.4528301886792453,s,s,s,s,9,0.16981132075471697
30,Poverty,2015-16,6881,2102,1874,1428,1477,3351,0.4869931695974422,3530,0.5130068304025578,1705,0.24778375236157535,625,0.09082982124691179,3631,0.5276849295160587,109,0.015840720825461417,811,0.11786077604999273,,,,,,,,,,,,,,,,,,,,,1515,387,0.25544554455445545,690,0.45544554455445546,356,0.23498349834983498,82,0.05412541254125412,438,0.2891089108910891,1392,394,0.28304597701149425,663,0.47629310344827586,262,0.1882183908045977,73,0.05244252873563218,335,0.2406609195402299
30,Reside in temporary housing,2015-16,468,149,148,89,82,207,0.4423076923076923,261,0.5576923076923077,169,0.3611111111111111,63,0.1346153846153846,207,0.4423076923076923,s,s,s,s,,,,,,,,,,,,,,,,,,,,,72,31,0.4305555555555556,25,0.3472222222222222,s,s,s,s,16,0.2222222222222222,72,31,0.4305555555555556,34,0.4722222222222222,s,s,s,s,7,0.09722222222222222
30,Students with Disabilities,2015-16,1243,497,347,210,189,449,0.36122284794851167,794,0.6387771520514883,119,0.09573612228479485,204,0.16411906677393404,749,0.6025744167337088,16,0.012872083668543845,155,0.1246983105390185,,,,,,,,,,,,,,,,,,,,,326,199,0.6104294478527608,105,0.3220858895705521,s,s,s,s,22,0.06748466257668712,312,202,0.6474358974358975,96,0.3076923076923077,s,s,s,s,14,0.04487179487179487
31,All Students,2015-16,17896,4920,4750,4310,3916,8653,0.48351586946803754,9243,0.5164841305319624,1839,0.10276039338399642,2599,0.14522798390701833,4558,0.25469378632096557,353,0.019725078229772017,8547,0.47759275815824764,,,,,,,,,,,,,,,,,,,,,3719,783,0.21054046786770636,1332,0.3581607959128798,1110,0.2984673299273998,494,0.13283140629201398,1604,0.43129873621941384,3079,1083,0.3517375771354336,1205,0.3913608314387788,541,0.17570639818122766,250,0.08119519324455993,791,0.2569015914257876
31,English Language Learners,2015-16,505,207,146,107,45,198,0.3920792079207921,307,0.6079207920792079,80,0.15841584158415842,s,s,299,0.592079207920792,s,s,106,0.2099009900990099,304,0.053465346534653464,27,0.053465346534653464,6,0.011881188118811881,62,0.12277227722772277,s,s,8,0.015841584158415842,17,0,s,s,25,0.04950495049504951,53,0.10495049504950495,117,96,0.8205128205128205,21,0.1794871794871795,s,s,s,s,s,s,129,102,0.7906976744186046,20,0.15503875968992248,s,s,s,s,7,0.05426356589147287
31,Enrolled over the Counter,2015-16,1182,338,355,231,258,532,0.4500846023688663,650,0.5499153976311336,94,0.07952622673434856,243,0.20558375634517767,369,0.31218274111675126,19,0.016074450084602367,457,0.3866328257191201,,,,,,,,,,,,,,,,,,,,,106,35,0.330188679245283,39,0.36792452830188677,25,0.2358490566037736,7,0.0660377358490566,32,0.3018867924528302,99,45,0.45454545454545453,33,0.3333333333333333,14,0.1414141414141414,7,0.0707070707070707,21,0.21212121212121213
31,Poverty,2015-16,9048,2814,2465,2085,1684,4405,0.4868479221927498,4643,0.5131520778072503,1101,0.12168435013262599,1859,0.20545977011494254,3057,0.33786472148541113,132,0.014588859416445624,2899,0.3204022988505747,,,,,,,,,,,,,,,,,,,,,2095,570,0.2720763723150358,811,0.38711217183770885,535,0.2553699284009546,179,0.08544152744630072,714,0.34081145584725536,1868,783,0.41916488222698073,689,0.3688436830835118,273,0.14614561027837258,123,0.0658458244111349,396,0.21199143468950749
31,Reside in temporary housing,2015-16,541,185,150,120,86,272,0.5027726432532348,269,0.49722735674676527,56,0.10351201478743069,170,0.3142329020332717,178,0.3290203327171904,8,0.014787430683918669,129,0.23844731977818853,,,,,,,,,,,,,,,,,,,,,109,38,0.3486238532110092,42,0.3853211009174312,22,0.2018348623853211,7,0.06422018348623854,29,0.26605504587155965,107,56,0.5233644859813084,37,0.34579439252336447,s,s,s,s,14,0.1308411214953271
31,Students with Disabilities,2015-16,3416,1072,908,872,564,1236,0.3618266978922717,2180,0.6381733021077284,86,0.025175644028103045,677,0.19818501170960187,1134,0.3319672131147541,39,0.011416861826697893,1480,0.4332552693208431,,,,,,,,,,,,,,,,,,,,,809,455,0.5624227441285538,283,0.34981458590852904,63,0.07787391841779975,8,0.009888751545117428,71,0.08776266996291718,773,551,0.7128072445019404,186,0.240620957309185,s,s,s,s,36,0.04657179818887452
32,All Students,2015-16,2432,553,851,500,528,1131,0.46504934210526316,1301,0.5349506578947368,38,0.015625,519,0.21340460526315788,1813,0.7454769736842105,16,0.006578947368421052,46,0.018914473684210526,,,,,,,,,,,,,,,,,,,,,412,189,0.4587378640776699,152,0.36893203883495146,s,s,s,s,71,0.17233009708737865,360,231,0.6416666666666667,109,0.30277777777777776,s,s,s,s,20,0.05555555555555555
32,English Language Learners,2015-16,481,141,150,107,83,198,0.41164241164241167,283,0.5883575883575883,s,s,9,0.018711018711018712,457,0.9501039501039501,s,s,8,0.016632016632016633,458,0.002079002079002079,s,s,s,s,11,0.02286902286902287,s,s,s,s,s,s,s,s,s,s,s,s,80,73,0.9125,7,0.0875,s,s,s,s,s,s,99,80,0.8080808080808081,18,0.18181818181818182,s,s,s,s,s,s
32,Enrolled over the Counter,2015-16,310,72,185,39,14,157,0.5064516129032258,153,0.4935483870967742,s,s,73,0.23548387096774193,225,0.7258064516129032,s,s,8,0.025806451612903226,,,,,,,,,,,,,,,,,,,,,18,10,0.5555555555555556,s,s,s,s,s,s,s,s,17,12,0.7058823529411765,s,s,s,s,s,s,s,s
32,Poverty,2015-16,2326,525,829,468,504,1084,0.4660361134995701,1242,0.5339638865004299,35,0.015047291487532245,479,0.205932932072227,1757,0.7553740326741186,15,0.006448839208942391,40,0.017196904557179708,,,,,,,,,,,,,,,,,,,,,391,184,0.47058823529411764,143,0.3657289002557545,s,s,s,s,64,0.1636828644501279,347,223,0.6426512968299711,105,0.3025936599423631,s,s,s,s,19,0.05475504322766571
32,Reside in temporary housing,2015-16,240,61,87,44,48,112,0.4666666666666667,128,0.5333333333333333,s,s,56,0.23333333333333334,177,0.7375,s,s,s,s,,,,,,,,,,,,,,,,,,,,,28,12,0.42857142857142855,12,0.42857142857142855,s,s,s,s,s,s,29,16,0.5517241379310345,11,0.3793103448275862,s,s,s,s,s,s
32,Students with Disabilities,2015-16,498,119,160,112,107,172,0.3453815261044177,326,0.6546184738955824,s,s,121,0.2429718875502008,364,0.7309236947791165,s,s,9,0.018072289156626505,,,,,,,,,,,,,,,,,,,,,89,73,0.8202247191011236,14,0.15730337078651685,s,s,s,s,s,s,84,75,0.8928571428571429,9,0.10714285714285714,s,s,s,s,s,s
